N 1, n 1
0, 1508063854.858403, 1508063854.861161, 1508063857.075396, 1508064025.557861, 1508064030.138212, 1508064030.149254, 0.000000, 1

real	2m55.388s
user	0m0.006s
sys	0m0.013s
N 1, n 2
0, 1508064030.253418, 1508064030.254957, 1508064032.749202, 1508064196.194501, 1508064203.141758, 1508064203.158076, 36.257640, 2
1, 1508064030.253400, 1508064030.254957, 1508064034.908820, 1508064196.194502, 1508064201.781317, 1508064203.158135, 1.258799, 2

real	2m53.108s
user	0m0.007s
sys	0m0.010s
N 1, n 4
3, 1508064244.703679, 1508064244.706307, 1508064245.114615, 1508064312.926059, 1508064318.106372, 1508064319.609336, 1.969851, 3
0, 1508064244.703998, 1508064244.706305, 1508064245.132077, 1508064312.926057, 1508064318.088397, 1508064319.609470, 1.968816, 3
1, 1508064244.703679, 1508064244.706306, 1508064245.138573, 1508064312.926058, 1508064318.127845, 1508064319.609438, 2.223365, 3
2, 1508064244.703983, 1508064244.706306, 1508064245.133146, 1508064312.926057, 1508064319.598227, 1508064319.609580, 2.067096, 3

real	1m15.131s
user	0m0.015s
sys	0m0.008s
N 1, n 8
0, 1508064361.062294, 1508064361.066153, 1508064364.481204, 1508064402.891477, 1508064408.845373, 1508064408.855237, 1.740843, 5
3, 1508064361.061956, 1508064361.066158, 1508064364.458450, 1508064402.891478, 1508064408.611345, 1508064408.855487, 3.301084, 5
4, 1508064361.062276, 1508064361.066159, 1508064364.481636, 1508064402.891477, 1508064408.823313, 1508064408.855530, 2.982869, 5
5, 1508064361.061956, 1508064361.066161, 1508064364.481872, 1508064402.891477, 1508064408.802267, 1508064408.855462, 3.243419, 5
6, 1508064361.061954, 1508064361.066162, 1508064364.477343, 1508064402.891477, 1508064406.845149, 1508064408.855479, 2.910710, 5
7, 1508064361.061956, 1508064361.066172, 1508064364.462201, 1508064402.891478, 1508064408.586609, 1508064408.855501, 1.712917, 5
2, 1508064361.061954, 1508064361.066157, 1508064364.479607, 1508064402.891477, 1508064406.794125, 1508064408.855560, 3.182659, 5
1, 1508064361.061956, 1508064361.066155, 1508064364.650662, 1508064402.891477, 1508064408.835492, 1508064408.855641, 2.977017, 5

real	0m48.067s
user	0m0.007s
sys	0m0.019s
N 4, n 16
9, 1508064450.410221, 1508064450.414904, 1508064451.833106, 1508064475.830764, 1508064480.091100, 1508064481.304377, 1.740461, 9
1, 1508064450.409527, 1508064450.414187, 1508064451.800839, 1508064475.830043, 1508064479.535640, 1508064481.303700, 1.649863, 9
14, 1508064450.409333, 1508064450.413459, 1508064451.757938, 1508064475.829293, 1508064477.664720, 1508064481.303062, 1.473559, 9
6, 1508064450.412209, 1508064450.416331, 1508064451.361179, 1508064475.832188, 1508064479.734361, 1508064481.305895, 5.304669, 9
5, 1508064450.411674, 1508064450.416330, 1508064451.563587, 1508064475.832197, 1508064478.857311, 1508064481.305978, 5.095846, 9
0, 1508064450.409895, 1508064450.414185, 1508064451.872235, 1508064475.830039, 1508064481.300970, 1508064481.304135, 0.815297, 9
15, 1508064450.408793, 1508064450.413459, 1508064451.793235, 1508064475.829303, 1508064477.314496, 1508064481.303442, 0.812971, 9
13, 1508064450.408793, 1508064450.413458, 1508064451.870479, 1508064475.829302, 1508064477.343345, 1508064481.303578, 1.786558, 9
10, 1508064450.410759, 1508064450.414905, 1508064451.737307, 1508064475.830760, 1508064481.205335, 1508064481.305307, 1.505351, 9
2, 1508064450.410061, 1508064450.414189, 1508064451.790238, 1508064475.830038, 1508064481.300890, 1508064481.305117, 1.745435, 9
12, 1508064450.409139, 1508064450.413456, 1508064451.772577, 1508064475.829293, 1508064477.664751, 1508064481.318166, 2.452257, 9
7, 1508064450.411674, 1508064450.416332, 1508064451.363215, 1508064475.832198, 1508064478.857281, 1508064481.321117, 2.997000, 9
3, 1508064450.409527, 1508064450.414191, 1508064451.842016, 1508064475.830045, 1508064479.597367, 1508064481.318947, 5.666625, 9
11, 1508064450.410221, 1508064450.414907, 1508064451.784302, 1508064475.830766, 1508064480.061034, 1508064481.319769, 2.695327, 9
4, 1508064450.412019, 1508064450.416329, 1508064451.365056, 1508064475.832188, 1508064478.857315, 1508064481.322114, 2.533680, 9
8, 1508064450.410572, 1508064450.414903, 1508064451.721999, 1508064475.830760, 1508064481.238523, 1508064481.320799, 2.537556, 9

real	0m31.324s
user	0m0.014s
sys	0m0.044s
N 4, n 24
14, 1508064522.957287, 1508064522.962690, 1508064524.346486, 1508064540.610652, 1508064544.947515, 1508064545.669434, 1.974529, 13
13, 1508064522.957392, 1508064522.962688, 1508064524.389378, 1508064540.610654, 1508064545.666991, 1508064545.669557, 1.967887, 13
8, 1508064522.958077, 1508064522.963464, 1508064524.324908, 1508064540.611433, 1508064542.343017, 1508064545.670309, 2.061523, 13
16, 1508064522.957287, 1508064522.962692, 1508064524.320763, 1508064540.610652, 1508064544.947515, 1508064545.669572, 2.006780, 13
7, 1508064522.958077, 1508064522.963463, 1508064524.390241, 1508064540.611427, 1508064542.587538, 1508064545.670465, 1.949076, 13
10, 1508064522.958075, 1508064522.963466, 1508064524.360740, 1508064540.611429, 1508064542.418872, 1508064545.670491, 2.001483, 13
20, 1508064522.957306, 1508064522.962706, 1508064524.260646, 1508064540.610669, 1508064543.024482, 1508064545.669740, 1.998634, 13
1, 1508064522.957500, 1508064522.962868, 1508064524.389090, 1508064540.610845, 1508064545.639346, 1508064545.669882, 2.047589, 13
9, 1508064522.958076, 1508064522.963465, 1508064524.277074, 1508064540.611432, 1508064542.382493, 1508064545.670547, 2.062739, 13
3, 1508064522.957501, 1508064522.962870, 1508064524.311233, 1508064540.610838, 1508064544.987773, 1508064545.670021, 2.022964, 13
22, 1508064522.957388, 1508064522.962708, 1508064524.338092, 1508064540.610672, 1508064542.964193, 1508064545.669755, 1.875241, 13
4, 1508064522.957579, 1508064522.962871, 1508064524.275697, 1508064540.610842, 1508064542.368332, 1508064545.670020, 2.222647, 13
21, 1508064522.957314, 1508064522.962707, 1508064524.324553, 1508064540.610664, 1508064545.639185, 1508064545.669891, 2.380606, 13
15, 1508064522.957294, 1508064522.962691, 1508064524.333214, 1508064540.610650, 1508064544.947484, 1508064545.670115, 2.062929, 13
0, 1508064522.957500, 1508064522.962862, 1508064524.359689, 1508064540.610847, 1508064545.017162, 1508064545.670246, 1.182890, 13
19, 1508064522.957314, 1508064522.962705, 1508064524.364728, 1508064540.610664, 1508064545.640618, 1508064545.670048, 2.148447, 13
2, 1508064522.957487, 1508064522.962869, 1508064524.345914, 1508064540.610839, 1508064544.792025, 1508064545.670240, 2.156514, 13
23, 1508064522.957314, 1508064522.962709, 1508064524.352538, 1508064540.610668, 1508064545.640621, 1508064545.670707, 1.064661, 13
18, 1508064522.957389, 1508064522.962704, 1508064524.293972, 1508064540.610667, 1508064545.640675, 1508064545.679629, 2.796886, 13
17, 1508064522.957294, 1508064522.962693, 1508064524.377085, 1508064540.610642, 1508064544.947495, 1508064545.679737, 2.828031, 13
6, 1508064522.958075, 1508064522.963462, 1508064524.311960, 1508064540.611429, 1508064542.309270, 1508064545.680621, 2.865530, 13
12, 1508064522.957384, 1508064522.962687, 1508064524.359669, 1508064540.610654, 1508064544.947513, 1508064545.680112, 2.789360, 13
11, 1508064522.958077, 1508064522.963467, 1508064524.378793, 1508064540.611427, 1508064542.285103, 1508064545.681039, 2.822384, 13
5, 1508064522.957593, 1508064522.962872, 1508064524.376680, 1508064540.610841, 1508064545.041833, 1508064545.680743, 2.732892, 13

real	0m23.240s
user	0m0.017s
sys	0m0.048s
N 4, n 32
5, 1508064587.781154, 1508064587.785728, 1508064587.891353, 1508064602.741848, 1508064607.184317, 1508064608.129136, 2.504122, 17
20, 1508064587.780817, 1508064587.785596, 1508064587.891593, 1508064602.741680, 1508064606.548332, 1508064608.129110, 2.544641, 17
3, 1508064587.781151, 1508064587.785725, 1508064587.892242, 1508064602.741852, 1508064607.087555, 1508064608.129283, 2.512241, 17
9, 1508064587.781743, 1508064587.786338, 1508064587.891429, 1508064602.742443, 1508064604.298870, 1508064608.129894, 2.637761, 17
11, 1508064587.781743, 1508064587.786348, 1508064587.892424, 1508064602.742445, 1508064604.529104, 1508064608.129993, 2.655315, 17
17, 1508064587.780978, 1508064587.785593, 1508064587.891190, 1508064602.741680, 1508064603.470333, 1508064608.129384, 2.548004, 17
1, 1508064587.781151, 1508064587.785723, 1508064587.892248, 1508064602.741849, 1508064607.135218, 1508064608.129465, 2.581821, 17
28, 1508064587.780872, 1508064587.785664, 1508064587.891501, 1508064602.741753, 1508064608.126576, 1508064608.129417, 2.476296, 17
10, 1508064587.781593, 1508064587.786340, 1508064587.891974, 1508064602.742443, 1508064604.350404, 1508064608.130105, 2.553393, 17
12, 1508064587.781592, 1508064587.786351, 1508064587.892413, 1508064602.742443, 1508064604.327920, 1508064608.130119, 2.645262, 17
14, 1508064587.781592, 1508064587.786354, 1508064587.890647, 1508064602.742444, 1508064604.265716, 1508064608.130111, 2.691053, 17
18, 1508064587.780817, 1508064587.785594, 1508064587.890888, 1508064602.741682, 1508064608.097848, 1508064608.129349, 2.515867, 17
22, 1508064587.780817, 1508064587.785598, 1508064587.890607, 1508064602.741677, 1508064606.595797, 1508064608.129358, 2.640557, 17
19, 1508064587.780978, 1508064587.785595, 1508064587.890660, 1508064602.741682, 1508064608.097813, 1508064608.129402, 2.557596, 17
26, 1508064587.780871, 1508064587.785662, 1508064587.890970, 1508064602.741747, 1508064608.126567, 1508064608.129569, 2.457358, 17
6, 1508064587.780997, 1508064587.785729, 1508064587.891090, 1508064602.741850, 1508064608.124976, 1508064608.129713, 2.650747, 17
21, 1508064587.780978, 1508064587.785597, 1508064587.891067, 1508064602.741679, 1508064608.096976, 1508064608.129448, 2.565184, 17
25, 1508064587.781040, 1508064587.785661, 1508064587.891150, 1508064602.741746, 1508064608.126842, 1508064608.129592, 2.757925, 17
29, 1508064587.781040, 1508064587.785666, 1508064587.891630, 1508064602.741745, 1508064603.470837, 1508064608.129576, 3.094288, 17
30, 1508064587.780872, 1508064587.785667, 1508064587.890353, 1508064602.741749, 1508064608.126566, 1508064608.129581, 2.439184, 17
27, 1508064587.781040, 1508064587.785663, 1508064587.892299, 1508064602.741749, 1508064608.126637, 1508064608.129645, 2.896078, 17
13, 1508064587.781743, 1508064587.786352, 1508064587.891909, 1508064602.742442, 1508064602.965709, 1508064608.130556, 2.629091, 17
0, 1508064587.781012, 1508064587.785720, 1508064587.890604, 1508064602.741850, 1508064607.045991, 1508064608.130003, 1.530384, 17
31, 1508064587.781040, 1508064587.785668, 1508064587.891379, 1508064602.741744, 1508064608.126737, 1508064608.130051, 1.510452, 17
2, 1508064587.780997, 1508064587.785724, 1508064587.891486, 1508064602.741854, 1508064607.233925, 1508064608.129973, 2.656489, 17
4, 1508064587.781000, 1508064587.785727, 1508064587.892348, 1508064602.741850, 1508064608.124958, 1508064608.130010, 2.651965, 17
7, 1508064587.781151, 1508064587.785731, 1508064587.891253, 1508064602.741848, 1508064603.470527, 1508064608.136296, 2.979415, 17
16, 1508064587.780817, 1508064587.785591, 1508064587.889752, 1508064602.741677, 1508064608.098030, 1508064608.136225, 3.020516, 17
24, 1508064587.780871, 1508064587.785660, 1508064587.890536, 1508064602.741744, 1508064608.126754, 1508064608.136360, 2.959308, 17
8, 1508064587.781592, 1508064587.786336, 1508064587.891141, 1508064602.742441, 1508064604.534333, 1508064608.137164, 3.004232, 17
15, 1508064587.781744, 1508064587.786358, 1508064587.891233, 1508064602.742442, 1508064604.233024, 1508064608.137381, 3.081860, 17
23, 1508064587.780978, 1508064587.785599, 1508064587.889921, 1508064602.741678, 1508064606.496558, 1508064608.137371, 3.049941, 17

real	0m21.005s
user	0m0.034s
sys	0m0.049s
N 4, n 40
27, 1508064649.995459, 1508064650.001511, 1508064650.115138, 1508064666.057167, 1508064670.934954, 1508064671.389845, 3.172385, 21
23, 1508064649.995459, 1508064650.001506, 1508064650.114208, 1508064666.057167, 1508064670.935023, 1508064671.390089, 3.151884, 21
28, 1508064649.995336, 1508064650.001512, 1508064650.114643, 1508064666.057153, 1508064666.635355, 1508064671.390097, 3.081156, 21
5, 1508064649.995530, 1508064650.001639, 1508064650.115512, 1508064666.057316, 1508064671.357001, 1508064671.390114, 3.130382, 21
21, 1508064649.995459, 1508064650.001504, 1508064650.113885, 1508064666.057174, 1508064671.387927, 1508064671.390183, 3.170630, 21
26, 1508064649.995336, 1508064650.001510, 1508064650.115165, 1508064666.057159, 1508064670.935084, 1508064671.390174, 3.087492, 21
11, 1508064649.996220, 1508064650.002249, 1508064650.115140, 1508064666.057926, 1508064667.597748, 1508064671.390831, 4.357757, 21
32, 1508064649.995437, 1508064650.001626, 1508064650.114446, 1508064666.057280, 1508064671.347957, 1508064671.390315, 2.983721, 21
1, 1508064649.995530, 1508064650.001635, 1508064650.115507, 1508064666.057313, 1508064669.380609, 1508064671.390339, 3.139776, 21
3, 1508064649.995641, 1508064650.001636, 1508064650.115102, 1508064666.057317, 1508064669.855980, 1508064671.390352, 3.074998, 21
22, 1508064649.995336, 1508064650.001505, 1508064650.114157, 1508064666.057161, 1508064670.934969, 1508064671.390326, 3.094636, 21
38, 1508064649.995438, 1508064650.001633, 1508064650.117495, 1508064666.057281, 1508064668.950984, 1508064671.390257, 3.156659, 21
15, 1508064649.996221, 1508064650.002254, 1508064650.115025, 1508064666.057919, 1508064667.424994, 1508064671.390810, 3.048189, 21
24, 1508064649.995336, 1508064650.001507, 1508064650.114322, 1508064666.057159, 1508064670.934957, 1508064671.390295, 3.139384, 21
13, 1508064649.996125, 1508064650.002252, 1508064650.114887, 1508064666.057917, 1508064667.723121, 1508064671.390982, 4.402368, 21
18, 1508064649.996108, 1508064650.002257, 1508064650.116246, 1508064666.057923, 1508064667.718230, 1508064671.390949, 3.034682, 21
34, 1508064649.995438, 1508064650.001629, 1508064650.117495, 1508064666.057285, 1508064668.866621, 1508064671.390489, 3.032780, 21
36, 1508064649.995438, 1508064650.001631, 1508064650.117657, 1508064666.057280, 1508064669.037311, 1508064671.390490, 3.040123, 21
39, 1508064649.995569, 1508064650.001634, 1508064650.115545, 1508064666.057286, 1508064671.347831, 1508064671.390472, 1.602649, 21
35, 1508064649.995566, 1508064650.001630, 1508064650.115306, 1508064666.057290, 1508064671.344185, 1508064671.390570, 3.717163, 21
8, 1508064649.995500, 1508064650.001642, 1508064650.116008, 1508064666.057314, 1508064671.146772, 1508064671.390572, 3.133847, 21
12, 1508064649.996113, 1508064650.002250, 1508064650.116863, 1508064666.057918, 1508064667.499719, 1508064671.391091, 3.020724, 21
14, 1508064649.996223, 1508064650.002253, 1508064650.116452, 1508064666.057920, 1508064667.619726, 1508064671.391121, 4.381358, 21
16, 1508064649.996113, 1508064650.002255, 1508064650.115458, 1508064666.057918, 1508064666.252853, 1508064671.391137, 3.083179, 21
33, 1508064649.995566, 1508064650.001628, 1508064650.116130, 1508064666.057285, 1508064671.347346, 1508064671.390715, 3.501841, 21
0, 1508064649.995512, 1508064650.001629, 1508064650.112587, 1508064666.057315, 1508064666.635789, 1508064671.390811, 1.727269, 21
31, 1508064649.995568, 1508064650.001625, 1508064650.116573, 1508064666.057280, 1508064671.347765, 1508064671.390822, 3.232747, 21
2, 1508064649.995605, 1508064650.001635, 1508064650.116090, 1508064666.057318, 1508064671.356942, 1508064671.390840, 3.196413, 21
7, 1508064649.995644, 1508064650.001641, 1508064650.115943, 1508064666.057322, 1508064669.727181, 1508064671.390838, 3.057712, 21
17, 1508064649.996218, 1508064650.002256, 1508064650.114371, 1508064666.057923, 1508064667.656571, 1508064671.391480, 3.158672, 21
4, 1508064649.995500, 1508064650.001637, 1508064650.115053, 1508064666.057316, 1508064671.356874, 1508064671.390852, 3.166793, 21
6, 1508064649.995608, 1508064650.001640, 1508064650.114716, 1508064666.057323, 1508064669.663287, 1508064671.390885, 3.182496, 21
25, 1508064649.995459, 1508064650.001508, 1508064650.114924, 1508064666.057163, 1508064670.934954, 1508064671.390756, 3.273916, 21
37, 1508064649.995566, 1508064650.001632, 1508064650.115616, 1508064666.057292, 1508064671.346126, 1508064671.391200, 3.887379, 21
30, 1508064649.995438, 1508064650.001624, 1508064650.117608, 1508064666.057277, 1508064666.640562, 1508064671.395818, 3.385438, 21
9, 1508064649.995530, 1508064650.001644, 1508064650.115354, 1508064666.057310, 1508064669.791677, 1508064671.395887, 3.404719, 21
10, 1508064649.996220, 1508064650.002248, 1508064650.116406, 1508064666.057930, 1508064667.535027, 1508064671.396497, 3.299948, 21
20, 1508064649.995336, 1508064650.001503, 1508064650.114368, 1508064666.057160, 1508064670.935024, 1508064671.395739, 3.254248, 21
29, 1508064649.995459, 1508064650.001513, 1508064650.114814, 1508064666.057166, 1508064670.934921, 1508064671.395901, 3.370212, 21
19, 1508064649.996217, 1508064650.002259, 1508064650.113870, 1508064666.057928, 1508064667.563479, 1508064671.396785, 3.270308, 21

real	0m22.164s
user	0m0.032s
sys	0m0.068s
N 4, n 48
5, 1508064713.377047, 1508064713.389022, 1508064714.432094, 1508064730.901659, 1508064735.869137, 1508064736.461582, 3.729206, 25
34, 1508064713.374831, 1508064713.386854, 1508064714.406801, 1508064730.899451, 1508064733.480685, 1508064736.459400, 4.730035, 25
9, 1508064713.377047, 1508064713.389027, 1508064714.429600, 1508064730.901659, 1508064735.691037, 1508064736.461861, 3.715470, 25
31, 1508064713.375500, 1508064713.386850, 1508064714.409972, 1508064730.899451, 1508064733.512603, 1508064736.459607, 4.742276, 25
1, 1508064713.377048, 1508064713.389017, 1508064714.434814, 1508064730.901659, 1508064735.809417, 1508064736.461947, 3.700878, 25
27, 1508064713.375395, 1508064713.386845, 1508064714.408797, 1508064730.899448, 1508064731.373682, 1508064736.459665, 3.666222, 25
38, 1508064713.377749, 1508064713.389779, 1508064714.394422, 1508064730.902357, 1508064735.614387, 1508064736.462513, 3.659306, 25
18, 1508064713.378856, 1508064713.390292, 1508064713.512162, 1508064730.902889, 1508064734.745898, 1508064736.463182, 4.740355, 25
3, 1508064713.377606, 1508064713.389019, 1508064714.429900, 1508064730.901658, 1508064736.458170, 1508064736.461956, 3.662790, 25
32, 1508064713.374830, 1508064713.386851, 1508064714.404097, 1508064730.899450, 1508064733.693128, 1508064736.459821, 4.820811, 25
43, 1508064713.378420, 1508064713.389785, 1508064714.391452, 1508064730.902362, 1508064731.831776, 1508064736.462565, 4.430631, 25
8, 1508064713.377046, 1508064713.389026, 1508064714.420788, 1508064730.901661, 1508064735.584039, 1508064736.462034, 3.742023, 25
21, 1508064713.378291, 1508064713.390295, 1508064713.507124, 1508064730.902889, 1508064736.436407, 1508064736.463160, 3.750237, 25
2, 1508064713.377607, 1508064713.389019, 1508064714.421410, 1508064730.901661, 1508064736.459350, 1508064736.462231, 3.781209, 25
28, 1508064713.374830, 1508064713.386846, 1508064714.375736, 1508064730.899449, 1508064733.634283, 1508064736.459857, 3.739250, 25
37, 1508064713.378329, 1508064713.389778, 1508064714.484006, 1508064730.902357, 1508064736.423915, 1508064736.462795, 3.828674, 25
17, 1508064713.378291, 1508064713.390291, 1508064713.508962, 1508064730.902887, 1508064736.436412, 1508064736.463231, 4.749998, 25
30, 1508064713.375502, 1508064713.386849, 1508064714.409781, 1508064730.899453, 1508064733.824772, 1508064736.459862, 3.675079, 25
14, 1508064713.378960, 1508064713.390288, 1508064713.511969, 1508064730.902896, 1508064734.972926, 1508064736.463381, 3.679888, 25
33, 1508064713.375395, 1508064713.386853, 1508064714.408200, 1508064730.899448, 1508064733.576276, 1508064736.459906, 3.687738, 25
19, 1508064713.378858, 1508064713.390293, 1508064713.508603, 1508064730.902887, 1508064736.436378, 1508064736.463376, 3.654042, 25
25, 1508064713.374840, 1508064713.386843, 1508064714.499973, 1508064730.899448, 1508064733.863992, 1508064736.459920, 3.637037, 25
16, 1508064713.378284, 1508064713.390290, 1508064713.512633, 1508064730.902889, 1508064734.897432, 1508064736.463404, 3.644121, 25
29, 1508064713.374840, 1508064713.386848, 1508064714.409787, 1508064730.899448, 1508064733.603985, 1508064736.459933, 3.691578, 25
22, 1508064713.378962, 1508064713.390297, 1508064713.512525, 1508064730.902897, 1508064734.669666, 1508064736.463396, 3.690936, 25
13, 1508064713.378291, 1508064713.390287, 1508064713.508950, 1508064730.902890, 1508064735.048939, 1508064736.463529, 3.672371, 25
4, 1508064713.377046, 1508064713.389021, 1508064714.419205, 1508064730.901661, 1508064731.832525, 1508064736.462382, 3.790136, 25
26, 1508064713.375397, 1508064713.386844, 1508064714.408288, 1508064730.899449, 1508064733.662268, 1508064736.460209, 3.788055, 25
41, 1508064713.378330, 1508064713.389783, 1508064714.391278, 1508064730.902353, 1508064736.422942, 1508064736.462874, 4.214400, 25
15, 1508064713.378963, 1508064713.390288, 1508064713.508927, 1508064730.902894, 1508064731.390893, 1508064736.463528, 3.691495, 25
47, 1508064713.378418, 1508064713.389789, 1508064714.391077, 1508064730.902360, 1508064735.392009, 1508064736.462911, 1.900546, 25
39, 1508064713.378416, 1508064713.389780, 1508064714.389404, 1508064730.902362, 1508064735.731953, 1508064736.462938, 4.038572, 25
44, 1508064713.377750, 1508064713.389786, 1508064714.389322, 1508064730.902355, 1508064735.505907, 1508064736.462938, 3.716750, 25
40, 1508064713.377750, 1508064713.389782, 1508064714.389804, 1508064730.902355, 1508064731.869285, 1508064736.462956, 3.634052, 25
0, 1508064713.377059, 1508064713.389014, 1508064714.532584, 1508064730.901661, 1508064733.069705, 1508064736.462418, 1.903335, 25
42, 1508064713.377750, 1508064713.389784, 1508064714.392126, 1508064730.902357, 1508064735.451744, 1508064736.462948, 3.681310, 25
6, 1508064713.377712, 1508064713.389023, 1508064714.421824, 1508064730.901665, 1508064736.371651, 1508064736.462434, 3.665367, 25
46, 1508064713.377750, 1508064713.389788, 1508064714.395576, 1508064730.902355, 1508064736.278537, 1508064736.462994, 3.675866, 25
10, 1508064713.377601, 1508064713.389028, 1508064714.421407, 1508064730.901662, 1508064735.529327, 1508064736.462434, 3.640150, 25
7, 1508064713.377716, 1508064713.389024, 1508064714.433677, 1508064730.901662, 1508064735.749412, 1508064736.462490, 3.636829, 25
45, 1508064713.378329, 1508064713.389787, 1508064714.390450, 1508064730.902355, 1508064735.673890, 1508064736.463324, 4.729579, 25
20, 1508064713.378284, 1508064713.390295, 1508064713.510609, 1508064730.902890, 1508064734.821951, 1508064736.464033, 4.747712, 25
12, 1508064713.378284, 1508064713.390285, 1508064713.512425, 1508064730.902892, 1508064736.436528, 1508064736.467534, 4.414996, 25
11, 1508064713.377602, 1508064713.389029, 1508064714.465882, 1508064730.901660, 1508064735.631840, 1508064736.466291, 3.688187, 25
24, 1508064713.374843, 1508064713.386842, 1508064714.413912, 1508064730.899450, 1508064732.347207, 1508064736.464072, 3.664517, 25
36, 1508064713.377750, 1508064713.389777, 1508064714.390661, 1508064730.902357, 1508064735.566224, 1508064736.467117, 3.669155, 25
35, 1508064713.375499, 1508064713.386855, 1508064714.415246, 1508064730.899454, 1508064733.544704, 1508064736.464413, 3.669737, 25
23, 1508064713.378969, 1508064713.390298, 1508064713.508060, 1508064730.902896, 1508064736.436469, 1508064736.468004, 4.518517, 25

real	0m23.984s
user	0m0.040s
sys	0m0.069s
