N 1, n 1
0, 1508063317.849507, 1508063317.851262, 1508063317.851272, 1508063317.851281, 1508063317.851861, 1508063317.852149, 0.000000, 1

real	0m0.097s
user	0m0.006s
sys	0m0.012s
N 1, n 2
1, 1508063317.950415, 1508063317.951959, 1508063317.951969, 1508063317.951974, 1508063317.952044, 1508063317.952541, 0.000000, 1
0, 1508063317.950439, 1508063317.951958, 1508063317.951967, 1508063317.951974, 1508063317.952490, 1508063317.952671, 0.000000, 1

real	0m0.198s
user	0m0.006s
sys	0m0.014s
N 1, n 4
1, 1508063318.165674, 1508063318.167511, 1508063318.167521, 1508063318.167530, 1508063318.167622, 1508063318.168134, 0.000000, 1
3, 1508063318.165674, 1508063318.167513, 1508063318.167522, 1508063318.167530, 1508063318.167624, 1508063318.168136, 0.000000, 1
0, 1508063318.165688, 1508063318.167510, 1508063318.167519, 1508063318.167531, 1508063318.168084, 1508063318.168175, 0.000000, 1
2, 1508063318.165673, 1508063318.167512, 1508063318.167524, 1508063318.167531, 1508063318.167628, 1508063318.168295, 0.000000, 1

real	0m0.214s
user	0m0.010s
sys	0m0.012s
N 1, n 8
0, 1508063318.444524, 1508063318.446725, 1508063318.446733, 1508063318.446750, 1508063318.447263, 1508063318.447307, 0.000000, 1
1, 1508063318.444508, 1508063318.446727, 1508063318.446735, 1508063318.446750, 1508063318.446875, 1508063318.447316, 0.000000, 1
2, 1508063318.444525, 1508063318.446728, 1508063318.446737, 1508063318.446750, 1508063318.446873, 1508063318.447304, 0.000000, 1
3, 1508063318.444508, 1508063318.446730, 1508063318.446738, 1508063318.446749, 1508063318.446877, 1508063318.447329, 0.000000, 1
4, 1508063318.444511, 1508063318.446731, 1508063318.446739, 1508063318.446750, 1508063318.446874, 1508063318.447310, 0.000000, 1
6, 1508063318.444527, 1508063318.446735, 1508063318.446744, 1508063318.446750, 1508063318.446875, 1508063318.447308, 0.000000, 1
7, 1508063318.444508, 1508063318.446735, 1508063318.446742, 1508063318.446749, 1508063318.446874, 1508063318.447315, 0.000000, 1
5, 1508063318.444508, 1508063318.446733, 1508063318.446742, 1508063318.446750, 1508063318.446871, 1508063318.447480, 0.000000, 1

real	0m0.279s
user	0m0.010s
sys	0m0.016s
N 4, n 16
5, 1508063318.852183, 1508063318.856348, 1508063318.856357, 1508063318.856382, 1508063318.856492, 1508063318.857048, 0.000000, 1
12, 1508063318.852050, 1508063318.855653, 1508063318.855663, 1508063318.855673, 1508063318.855793, 1508063318.856342, 0.000000, 1
8, 1508063318.851266, 1508063318.854906, 1508063318.854915, 1508063318.854934, 1508063318.855043, 1508063318.855599, 0.000000, 1
0, 1508063318.853922, 1508063318.857510, 1508063318.857518, 1508063318.857555, 1508063318.858167, 1508063318.858212, 0.000000, 1
6, 1508063318.852522, 1508063318.856349, 1508063318.856358, 1508063318.856381, 1508063318.856490, 1508063318.857047, 0.000000, 1
13, 1508063318.851457, 1508063318.855654, 1508063318.855664, 1508063318.855673, 1508063318.855795, 1508063318.856343, 0.000000, 1
10, 1508063318.851067, 1508063318.854909, 1508063318.854917, 1508063318.854934, 1508063318.855044, 1508063318.855601, 0.000000, 1
7, 1508063318.852183, 1508063318.856350, 1508063318.856358, 1508063318.856382, 1508063318.856491, 1508063318.857045, 0.000000, 1
1, 1508063318.853361, 1508063318.857514, 1508063318.857523, 1508063318.857556, 1508063318.857671, 1508063318.858223, 0.000000, 1
15, 1508063318.851457, 1508063318.855656, 1508063318.855664, 1508063318.855673, 1508063318.855794, 1508063318.856340, 0.000000, 1
11, 1508063318.850744, 1508063318.854910, 1508063318.854918, 1508063318.854934, 1508063318.855046, 1508063318.855598, 0.000000, 1
4, 1508063318.852725, 1508063318.856347, 1508063318.856357, 1508063318.856381, 1508063318.856493, 1508063318.857203, 0.000000, 1
2, 1508063318.853705, 1508063318.857515, 1508063318.857523, 1508063318.857555, 1508063318.857673, 1508063318.858213, 0.000000, 1
14, 1508063318.852050, 1508063318.855655, 1508063318.855664, 1508063318.855673, 1508063318.855794, 1508063318.856493, 0.000000, 1
9, 1508063318.850744, 1508063318.854908, 1508063318.854917, 1508063318.854934, 1508063318.855046, 1508063318.855731, 0.000000, 1
3, 1508063318.853361, 1508063318.857517, 1508063318.857527, 1508063318.857555, 1508063318.857670, 1508063318.858455, 0.000000, 1

real	0m0.433s
user	0m0.020s
sys	0m0.038s
N 4, n 24
6, 1508063319.371043, 1508063319.374357, 1508063319.374366, 1508063319.374414, 1508063319.374585, 1508063319.375226, 0.000000, 1
0, 1508063319.372368, 1508063319.375518, 1508063319.375527, 1508063319.375586, 1508063319.376317, 1508063319.376400, 0.000000, 1
18, 1508063319.370415, 1508063319.373668, 1508063319.373677, 1508063319.373703, 1508063319.373882, 1508063319.374507, 0.000000, 1
7, 1508063319.371050, 1508063319.374358, 1508063319.374367, 1508063319.374413, 1508063319.374580, 1508063319.375228, 0.000000, 1
12, 1508063319.369688, 1508063319.372920, 1508063319.372943, 1508063319.372970, 1508063319.373133, 1508063319.373778, 0.000000, 1
8, 1508063319.371144, 1508063319.374360, 1508063319.374367, 1508063319.374414, 1508063319.374584, 1508063319.375219, 0.000000, 1
1, 1508063319.372351, 1508063319.375522, 1508063319.375532, 1508063319.375585, 1508063319.375755, 1508063319.376403, 0.000000, 1
14, 1508063319.369579, 1508063319.372922, 1508063319.372944, 1508063319.372969, 1508063319.373138, 1508063319.373782, 0.000000, 1
9, 1508063319.371152, 1508063319.374361, 1508063319.374368, 1508063319.374413, 1508063319.374583, 1508063319.375222, 0.000000, 1
2, 1508063319.372446, 1508063319.375523, 1508063319.375532, 1508063319.375587, 1508063319.375753, 1508063319.376399, 0.000000, 1
15, 1508063319.369590, 1508063319.372924, 1508063319.372951, 1508063319.372968, 1508063319.373134, 1508063319.373785, 0.000000, 1
11, 1508063319.371270, 1508063319.374363, 1508063319.374371, 1508063319.374414, 1508063319.374584, 1508063319.375220, 0.000000, 1
3, 1508063319.372438, 1508063319.375524, 1508063319.375534, 1508063319.375586, 1508063319.375753, 1508063319.376397, 0.000000, 1
16, 1508063319.369687, 1508063319.372925, 1508063319.372948, 1508063319.372964, 1508063319.373137, 1508063319.373779, 0.000000, 1
4, 1508063319.372354, 1508063319.375526, 1508063319.375535, 1508063319.375586, 1508063319.375755, 1508063319.376395, 0.000000, 1
17, 1508063319.369814, 1508063319.372944, 1508063319.372955, 1508063319.372966, 1508063319.373134, 1508063319.373781, 0.000000, 1
10, 1508063319.371261, 1508063319.374362, 1508063319.374370, 1508063319.374415, 1508063319.374585, 1508063319.375455, 0.000000, 1
5, 1508063319.372351, 1508063319.375527, 1508063319.375536, 1508063319.375585, 1508063319.375760, 1508063319.376585, 0.000000, 1
13, 1508063319.369699, 1508063319.372921, 1508063319.372948, 1508063319.372968, 1508063319.373135, 1508063319.373906, 0.000000, 1
20, 1508063319.370415, 1508063319.373670, 1508063319.373678, 1508063319.373704, 1508063319.373880, 1508063319.374506, 0.000000, 1
21, 1508063319.370526, 1508063319.373671, 1508063319.373679, 1508063319.373705, 1508063319.373879, 1508063319.374511, 0.000000, 1
22, 1508063319.370415, 1508063319.373672, 1508063319.373681, 1508063319.373704, 1508063319.373878, 1508063319.374509, 0.000000, 1
23, 1508063319.370315, 1508063319.373673, 1508063319.373681, 1508063319.373705, 1508063319.373882, 1508063319.374512, 0.000000, 1
19, 1508063319.370315, 1508063319.373669, 1508063319.373678, 1508063319.373704, 1508063319.373880, 1508063319.374682, 0.000000, 1

real	0m0.535s
user	0m0.026s
sys	0m0.046s
N 4, n 32
24, 1508063319.994285, 1508063319.998502, 1508063319.998511, 1508063319.998529, 1508063319.998689, 1508063319.999206, 0.000000, 1
16, 1508063319.993547, 1508063319.997753, 1508063319.997763, 1508063319.997792, 1508063319.997958, 1508063319.998469, 0.000000, 1
0, 1508063319.996199, 1508063320.000344, 1508063320.000351, 1508063320.000412, 1508063320.001038, 1508063320.001093, 0.000000, 1
8, 1508063319.994989, 1508063319.999186, 1508063319.999195, 1508063319.999238, 1508063319.999405, 1508063319.999916, 0.000000, 1
26, 1508063319.994282, 1508063319.998504, 1508063319.998512, 1508063319.998529, 1508063319.998696, 1508063319.999211, 0.000000, 1
30, 1508063319.994284, 1508063319.998510, 1508063319.998520, 1508063319.998530, 1508063319.998693, 1508063319.999210, 0.000000, 1
25, 1508063319.994245, 1508063319.998503, 1508063319.998511, 1508063319.998528, 1508063319.998689, 1508063319.999218, 0.000000, 1
17, 1508063319.993514, 1508063319.997755, 1508063319.997763, 1508063319.997792, 1508063319.997959, 1508063319.998475, 0.000000, 1
27, 1508063319.994244, 1508063319.998505, 1508063319.998513, 1508063319.998529, 1508063319.998692, 1508063319.999217, 0.000000, 1
18, 1508063319.993547, 1508063319.997756, 1508063319.997763, 1508063319.997792, 1508063319.997959, 1508063319.998467, 0.000000, 1
28, 1508063319.994290, 1508063319.998507, 1508063319.998515, 1508063319.998529, 1508063319.998696, 1508063319.999218, 0.000000, 1
10, 1508063319.994989, 1508063319.999188, 1508063319.999196, 1508063319.999238, 1508063319.999407, 1508063319.999922, 0.000000, 1
19, 1508063319.993514, 1508063319.997757, 1508063319.997764, 1508063319.997792, 1508063319.997957, 1508063319.998473, 0.000000, 1
29, 1508063319.994244, 1508063319.998509, 1508063319.998517, 1508063319.998528, 1508063319.998694, 1508063319.999215, 0.000000, 1
11, 1508063319.994956, 1508063319.999189, 1508063319.999197, 1508063319.999238, 1508063319.999407, 1508063319.999918, 0.000000, 1
20, 1508063319.993547, 1508063319.997758, 1508063319.997766, 1508063319.997792, 1508063319.997960, 1508063319.998466, 0.000000, 1
31, 1508063319.994244, 1508063319.998511, 1508063319.998521, 1508063319.998529, 1508063319.998689, 1508063319.999439, 0.000000, 1
12, 1508063319.994989, 1508063319.999190, 1508063319.999198, 1508063319.999238, 1508063319.999412, 1508063319.999913, 0.000000, 1
21, 1508063319.993795, 1508063319.997759, 1508063319.997767, 1508063319.997792, 1508063319.997959, 1508063319.998475, 0.000000, 1
2, 1508063319.996182, 1508063320.000348, 1508063320.000357, 1508063320.000411, 1508063320.000578, 1508063320.001086, 0.000000, 1
13, 1508063319.994956, 1508063319.999192, 1508063319.999200, 1508063319.999238, 1508063319.999415, 1508063319.999919, 0.000000, 1
23, 1508063319.993796, 1508063319.997761, 1508063319.997769, 1508063319.997792, 1508063319.997961, 1508063319.998472, 0.000000, 1
3, 1508063319.996150, 1508063320.000349, 1508063320.000357, 1508063320.000411, 1508063320.000576, 1508063320.001097, 0.000000, 1
14, 1508063319.994989, 1508063319.999193, 1508063319.999201, 1508063319.999239, 1508063319.999413, 1508063319.999914, 0.000000, 1
22, 1508063319.993553, 1508063319.997760, 1508063319.997768, 1508063319.997793, 1508063319.997959, 1508063319.998625, 0.000000, 1
4, 1508063319.996182, 1508063320.000351, 1508063320.000359, 1508063320.000412, 1508063320.000578, 1508063320.001085, 0.000000, 1
15, 1508063319.994956, 1508063319.999196, 1508063319.999203, 1508063319.999239, 1508063319.999415, 1508063319.999920, 0.000000, 1
5, 1508063319.996738, 1508063320.000352, 1508063320.000360, 1508063320.000411, 1508063320.000582, 1508063320.001090, 0.000000, 1
9, 1508063319.994956, 1508063319.999187, 1508063319.999195, 1508063319.999238, 1508063319.999405, 1508063320.000065, 0.000000, 1
6, 1508063319.996182, 1508063320.000353, 1508063320.000361, 1508063320.000412, 1508063320.000579, 1508063320.001101, 0.000000, 1
7, 1508063319.996450, 1508063320.000355, 1508063320.000363, 1508063320.000412, 1508063320.000573, 1508063320.001089, 0.000000, 1
1, 1508063319.996150, 1508063320.000347, 1508063320.000356, 1508063320.000412, 1508063320.000573, 1508063320.001283, 0.000000, 1

real	0m0.650s
user	0m0.028s
sys	0m0.060s
N 4, n 40
30, 1508063320.735658, 1508063320.740736, 1508063320.740745, 1508063320.740769, 1508063320.741246, 1508063320.741823, 0.000000, 1
1, 1508063320.737535, 1508063320.742577, 1508063320.742586, 1508063320.742653, 1508063320.743132, 1508063320.743725, 0.000000, 1
11, 1508063320.736455, 1508063320.741418, 1508063320.741427, 1508063320.741480, 1508063320.741957, 1508063320.742540, 0.000000, 1
20, 1508063320.734923, 1508063320.739986, 1508063320.739995, 1508063320.740036, 1508063320.740523, 1508063320.741082, 0.000000, 1
31, 1508063320.735753, 1508063320.740738, 1508063320.740746, 1508063320.740768, 1508063320.741253, 1508063320.741819, 0.000000, 1
32, 1508063320.735658, 1508063320.740739, 1508063320.740746, 1508063320.740770, 1508063320.741252, 1508063320.741822, 0.000000, 1
33, 1508063320.735756, 1508063320.740740, 1508063320.740748, 1508063320.740769, 1508063320.741247, 1508063320.741832, 0.000000, 1
34, 1508063320.735661, 1508063320.740741, 1508063320.740749, 1508063320.740770, 1508063320.741251, 1508063320.741828, 0.000000, 1
35, 1508063320.735753, 1508063320.740743, 1508063320.740751, 1508063320.740769, 1508063320.741250, 1508063320.741825, 0.000000, 1
12, 1508063320.736373, 1508063320.741419, 1508063320.741427, 1508063320.741479, 1508063320.741961, 1508063320.742543, 0.000000, 1
36, 1508063320.735658, 1508063320.740751, 1508063320.740759, 1508063320.740771, 1508063320.741252, 1508063320.741830, 0.000000, 1
13, 1508063320.736376, 1508063320.741420, 1508063320.741428, 1508063320.741478, 1508063320.741962, 1508063320.742551, 0.000000, 1
38, 1508063320.735662, 1508063320.740753, 1508063320.740761, 1508063320.740770, 1508063320.741248, 1508063320.741820, 0.000000, 1
2, 1508063320.737631, 1508063320.742578, 1508063320.742586, 1508063320.742653, 1508063320.743127, 1508063320.743732, 0.000000, 1
14, 1508063320.736455, 1508063320.741421, 1508063320.741429, 1508063320.741479, 1508063320.741954, 1508063320.742538, 0.000000, 1
21, 1508063320.735031, 1508063320.739987, 1508063320.739996, 1508063320.740036, 1508063320.740525, 1508063320.741085, 0.000000, 1
39, 1508063320.735763, 1508063320.740754, 1508063320.740762, 1508063320.740770, 1508063320.741253, 1508063320.741826, 0.000000, 1
3, 1508063320.737628, 1508063320.742579, 1508063320.742587, 1508063320.742653, 1508063320.743133, 1508063320.743709, 0.000000, 1
15, 1508063320.736453, 1508063320.741422, 1508063320.741430, 1508063320.741478, 1508063320.741955, 1508063320.742541, 0.000000, 1
22, 1508063320.734922, 1508063320.739988, 1508063320.739996, 1508063320.740036, 1508063320.740520, 1508063320.741080, 0.000000, 1
37, 1508063320.735753, 1508063320.740752, 1508063320.740760, 1508063320.740769, 1508063320.741250, 1508063320.742123, 0.000000, 1
4, 1508063320.737538, 1508063320.742580, 1508063320.742589, 1508063320.742654, 1508063320.743122, 1508063320.743706, 0.000000, 1
16, 1508063320.736373, 1508063320.741423, 1508063320.741432, 1508063320.741480, 1508063320.741958, 1508063320.742545, 0.000000, 1
24, 1508063320.734922, 1508063320.739990, 1508063320.739998, 1508063320.740035, 1508063320.740517, 1508063320.741093, 0.000000, 1
5, 1508063320.737535, 1508063320.742581, 1508063320.742589, 1508063320.742653, 1508063320.743132, 1508063320.743704, 0.000000, 1
17, 1508063320.736456, 1508063320.741425, 1508063320.741433, 1508063320.741479, 1508063320.741956, 1508063320.742552, 0.000000, 1
25, 1508063320.735030, 1508063320.739991, 1508063320.740000, 1508063320.740035, 1508063320.740516, 1508063320.741092, 0.000000, 1
6, 1508063320.737629, 1508063320.742583, 1508063320.742591, 1508063320.742653, 1508063320.743127, 1508063320.743734, 0.000000, 1
18, 1508063320.736373, 1508063320.741425, 1508063320.741433, 1508063320.741480, 1508063320.741962, 1508063320.742527, 0.000000, 1
26, 1508063320.734922, 1508063320.739993, 1508063320.740001, 1508063320.740035, 1508063320.740521, 1508063320.741087, 0.000000, 1
7, 1508063320.737627, 1508063320.742584, 1508063320.742592, 1508063320.742652, 1508063320.743124, 1508063320.743725, 0.000000, 1
19, 1508063320.736453, 1508063320.741427, 1508063320.741434, 1508063320.741479, 1508063320.741961, 1508063320.742530, 0.000000, 1
27, 1508063320.735030, 1508063320.739994, 1508063320.740002, 1508063320.740034, 1508063320.740517, 1508063320.741083, 0.000000, 1
8, 1508063320.737541, 1508063320.742585, 1508063320.742593, 1508063320.742654, 1508063320.743134, 1508063320.743695, 0.000000, 1
10, 1508063320.736457, 1508063320.741417, 1508063320.741426, 1508063320.741480, 1508063320.741961, 1508063320.742689, 0.000000, 1
28, 1508063320.734922, 1508063320.739996, 1508063320.740003, 1508063320.740036, 1508063320.740515, 1508063320.741089, 0.000000, 1
9, 1508063320.737535, 1508063320.742586, 1508063320.742594, 1508063320.742654, 1508063320.743123, 1508063320.743719, 0.000000, 1
29, 1508063320.735030, 1508063320.739997, 1508063320.740005, 1508063320.740034, 1508063320.740511, 1508063320.741086, 0.000000, 1
0, 1508063320.737550, 1508063320.742574, 1508063320.742582, 1508063320.742654, 1508063320.743644, 1508063320.743898, 0.000000, 1
23, 1508063320.735030, 1508063320.739989, 1508063320.739997, 1508063320.740034, 1508063320.740524, 1508063320.741253, 0.000000, 1

real	0m0.772s
user	0m0.034s
sys	0m0.066s
N 4, n 48
0, 1508063321.611065, 1508063321.615584, 1508063321.615591, 1508063321.615665, 1508063321.617001, 1508063321.617057, 0.000000, 1
36, 1508063321.609477, 1508063321.613753, 1508063321.613762, 1508063321.613779, 1508063321.614666, 1508063321.615184, 0.000000, 1
12, 1508063321.610057, 1508063321.614429, 1508063321.614439, 1508063321.614490, 1508063321.615379, 1508063321.615881, 0.000000, 1
24, 1508063321.608745, 1508063321.613002, 1508063321.613011, 1508063321.613048, 1508063321.613953, 1508063321.614439, 0.000000, 1
40, 1508063321.609182, 1508063321.613757, 1508063321.613765, 1508063321.613781, 1508063321.614676, 1508063321.615176, 0.000000, 1
43, 1508063321.609097, 1508063321.613761, 1508063321.613769, 1508063321.613781, 1508063321.614676, 1508063321.615179, 0.000000, 1
44, 1508063321.609475, 1508063321.613762, 1508063321.613770, 1508063321.613781, 1508063321.614674, 1508063321.615178, 0.000000, 1
2, 1508063321.610972, 1508063321.615588, 1508063321.615596, 1508063321.615664, 1508063321.616545, 1508063321.617062, 0.000000, 1
45, 1508063321.609097, 1508063321.613763, 1508063321.613771, 1508063321.613780, 1508063321.614667, 1508063321.615188, 0.000000, 1
3, 1508063321.610969, 1508063321.615589, 1508063321.615597, 1508063321.615663, 1508063321.616546, 1508063321.617063, 0.000000, 1
46, 1508063321.609345, 1508063321.613764, 1508063321.613772, 1508063321.613781, 1508063321.614662, 1508063321.615181, 0.000000, 1
4, 1508063321.611506, 1508063321.615590, 1508063321.615598, 1508063321.615664, 1508063321.616546, 1508063321.617060, 0.000000, 1
47, 1508063321.609097, 1508063321.613765, 1508063321.613773, 1508063321.613780, 1508063321.614673, 1508063321.615187, 0.000000, 1
25, 1508063321.608741, 1508063321.613003, 1508063321.613012, 1508063321.613047, 1508063321.613956, 1508063321.614452, 0.000000, 1
5, 1508063321.611509, 1508063321.615591, 1508063321.615599, 1508063321.615664, 1508063321.616546, 1508063321.617066, 0.000000, 1
13, 1508063321.610063, 1508063321.614430, 1508063321.614439, 1508063321.614489, 1508063321.615396, 1508063321.615886, 0.000000, 1
37, 1508063321.609097, 1508063321.613754, 1508063321.613762, 1508063321.613779, 1508063321.614676, 1508063321.615190, 0.000000, 1
26, 1508063321.608356, 1508063321.613004, 1508063321.613012, 1508063321.613047, 1508063321.613955, 1508063321.614453, 0.000000, 1
6, 1508063321.610972, 1508063321.615592, 1508063321.615601, 1508063321.615664, 1508063321.616544, 1508063321.617058, 0.000000, 1
15, 1508063321.609804, 1508063321.614432, 1508063321.614441, 1508063321.614489, 1508063321.615395, 1508063321.615891, 0.000000, 1
38, 1508063321.609346, 1508063321.613755, 1508063321.613763, 1508063321.613779, 1508063321.614662, 1508063321.615194, 0.000000, 1
27, 1508063321.608356, 1508063321.613005, 1508063321.613014, 1508063321.613046, 1508063321.613950, 1508063321.614444, 0.000000, 1
9, 1508063321.611365, 1508063321.615596, 1508063321.615604, 1508063321.615661, 1508063321.616548, 1508063321.617074, 0.000000, 1
16, 1508063321.609877, 1508063321.614433, 1508063321.614442, 1508063321.614492, 1508063321.615395, 1508063321.615880, 0.000000, 1
39, 1508063321.609097, 1508063321.613756, 1508063321.613764, 1508063321.613779, 1508063321.614665, 1508063321.615190, 0.000000, 1
28, 1508063321.608613, 1508063321.613006, 1508063321.613017, 1508063321.613048, 1508063321.613956, 1508063321.614440, 0.000000, 1
10, 1508063321.610972, 1508063321.615597, 1508063321.615605, 1508063321.615662, 1508063321.616546, 1508063321.617070, 0.000000, 1
19, 1508063321.609804, 1508063321.614437, 1508063321.614445, 1508063321.614490, 1508063321.615388, 1508063321.615887, 0.000000, 1
41, 1508063321.609097, 1508063321.613758, 1508063321.613766, 1508063321.613781, 1508063321.614676, 1508063321.615191, 0.000000, 1
29, 1508063321.608614, 1508063321.613007, 1508063321.613016, 1508063321.613047, 1508063321.613956, 1508063321.614455, 0.000000, 1
11, 1508063321.610969, 1508063321.615598, 1508063321.615607, 1508063321.615661, 1508063321.616549, 1508063321.617064, 0.000000, 1
21, 1508063321.610067, 1508063321.614439, 1508063321.614447, 1508063321.614491, 1508063321.615395, 1508063321.615884, 0.000000, 1
42, 1508063321.609346, 1508063321.613759, 1508063321.613768, 1508063321.613781, 1508063321.614677, 1508063321.615506, 0.000000, 1
30, 1508063321.608356, 1508063321.613009, 1508063321.613017, 1508063321.613047, 1508063321.613951, 1508063321.614446, 0.000000, 1
1, 1508063321.611046, 1508063321.615587, 1508063321.615596, 1508063321.615664, 1508063321.616544, 1508063321.617076, 0.000000, 1
22, 1508063321.609799, 1508063321.614440, 1508063321.614448, 1508063321.614491, 1508063321.615396, 1508063321.615889, 0.000000, 1
32, 1508063321.608432, 1508063321.613011, 1508063321.613019, 1508063321.613047, 1508063321.613949, 1508063321.614445, 0.000000, 1
7, 1508063321.610974, 1508063321.615593, 1508063321.615602, 1508063321.615663, 1508063321.616547, 1508063321.617075, 0.000000, 1
23, 1508063321.609804, 1508063321.614441, 1508063321.614450, 1508063321.614490, 1508063321.615394, 1508063321.615893, 0.000000, 1
33, 1508063321.608357, 1508063321.613012, 1508063321.613020, 1508063321.613047, 1508063321.613955, 1508063321.614449, 0.000000, 1
8, 1508063321.611362, 1508063321.615594, 1508063321.615602, 1508063321.615662, 1508063321.616553, 1508063321.617402, 0.000000, 1
14, 1508063321.609799, 1508063321.614431, 1508063321.614440, 1508063321.614489, 1508063321.615377, 1508063321.615895, 0.000000, 1
34, 1508063321.608879, 1508063321.613013, 1508063321.613024, 1508063321.613047, 1508063321.613947, 1508063321.614452, 0.000000, 1
17, 1508063321.609878, 1508063321.614435, 1508063321.614443, 1508063321.614491, 1508063321.615393, 1508063321.615898, 0.000000, 1
35, 1508063321.608356, 1508063321.613015, 1508063321.613026, 1508063321.613046, 1508063321.613952, 1508063321.614442, 0.000000, 1
20, 1508063321.610057, 1508063321.614438, 1508063321.614446, 1508063321.614492, 1508063321.615396, 1508063321.615896, 0.000000, 1
31, 1508063321.608356, 1508063321.613010, 1508063321.613018, 1508063321.613046, 1508063321.613956, 1508063321.614588, 0.000000, 1
18, 1508063321.609799, 1508063321.614436, 1508063321.614444, 1508063321.614491, 1508063321.615393, 1508063321.616230, 0.000000, 1

real	0m0.897s
user	0m0.031s
sys	0m0.079s
