N 1, n 1
0, 1508063422.411016, 1508063422.413246, 1508063422.757941, 1508063445.905663, 1508063446.733819, 1508063446.735693, 0.000000, 1

real	0m24.413s
user	0m0.011s
sys	0m0.007s
N 1, n 2
0, 1508063450.979653, 1508063450.981413, 1508063451.052249, 1508063462.874333, 1508063463.340528, 1508063463.653128, 0.126747, 2
1, 1508063450.979649, 1508063450.981414, 1508063451.048750, 1508063462.874333, 1508063463.650850, 1508063463.653138, 0.302800, 2

real	0m12.871s
user	0m0.009s
sys	0m0.011s
N 1, n 4
1, 1508063468.013322, 1508063468.015352, 1508063468.057962, 1508063475.705350, 1508063476.286417, 1508063476.443319, 0.220950, 3
2, 1508063468.013322, 1508063468.015354, 1508063468.055253, 1508063475.705348, 1508063476.441919, 1508063476.443356, 1.643838, 3
0, 1508063468.013335, 1508063468.015352, 1508063468.057404, 1508063475.705348, 1508063476.286312, 1508063476.443418, 1.500466, 3
3, 1508063468.013322, 1508063468.015354, 1508063468.056998, 1508063475.705351, 1508063476.286238, 1508063476.443909, 0.187180, 3

real	0m8.656s
user	0m0.010s
sys	0m0.013s
N 1, n 8
2, 1508063480.862507, 1508063480.865402, 1508063480.907645, 1508063484.498743, 1508063485.088637, 1508063485.160661, 0.367183, 5
6, 1508063480.862507, 1508063480.865407, 1508063480.907611, 1508063484.498743, 1508063485.085700, 1508063485.160597, 0.308778, 5
0, 1508063480.862523, 1508063480.865399, 1508063480.907776, 1508063484.498743, 1508063485.090907, 1508063485.160679, 0.166030, 5
5, 1508063480.862507, 1508063480.865406, 1508063480.908107, 1508063484.498743, 1508063485.087057, 1508063485.160732, 0.438929, 5
3, 1508063480.862507, 1508063480.865403, 1508063480.907966, 1508063484.498744, 1508063485.159506, 1508063485.160757, 0.353054, 5
1, 1508063480.862507, 1508063480.865401, 1508063480.907951, 1508063484.498743, 1508063485.086972, 1508063485.160899, 0.308498, 5
7, 1508063480.862507, 1508063480.865408, 1508063480.907647, 1508063484.498744, 1508063485.085681, 1508063485.160901, 0.168864, 5
4, 1508063480.862507, 1508063480.865404, 1508063480.907653, 1508063484.498743, 1508063484.589319, 1508063485.161039, 0.296347, 5

real	0m4.582s
user	0m0.011s
sys	0m0.018s
N 4, n 16
6, 1508063489.701207, 1508063489.706104, 1508063489.717555, 1508063492.118518, 1508063492.318548, 1508063492.650118, 0.185663, 9
15, 1508063489.700063, 1508063489.704994, 1508063489.785198, 1508063492.117391, 1508063492.485806, 1508063492.648980, 0.081162, 9
0, 1508063489.698626, 1508063489.703499, 1508063489.714840, 1508063492.115919, 1508063492.529389, 1508063492.647665, 0.082380, 9
10, 1508063489.696441, 1508063489.701363, 1508063489.813025, 1508063492.113767, 1508063492.474555, 1508063492.645442, 0.487484, 9
14, 1508063489.700039, 1508063489.704994, 1508063489.786189, 1508063492.117389, 1508063492.627121, 1508063492.649066, 0.177728, 9
5, 1508063489.701209, 1508063489.706103, 1508063489.717893, 1508063492.118520, 1508063492.316258, 1508063492.650413, 0.174664, 9
2, 1508063489.698612, 1508063489.703503, 1508063489.713622, 1508063492.115922, 1508063492.254624, 1508063492.647634, 0.192859, 9
13, 1508063489.700063, 1508063489.704993, 1508063489.813857, 1508063492.117391, 1508063492.628335, 1508063492.649307, 0.201429, 9
9, 1508063489.696455, 1508063489.701362, 1508063489.829183, 1508063492.113769, 1508063492.638165, 1508063492.645750, 0.185390, 9
1, 1508063489.698612, 1508063489.703501, 1508063489.714877, 1508063492.115925, 1508063492.646505, 1508063492.647937, 0.169309, 9
3, 1508063489.698612, 1508063489.703504, 1508063489.714874, 1508063492.115925, 1508063492.529388, 1508063492.649025, 0.221764, 9
12, 1508063489.700039, 1508063489.704991, 1508063489.799886, 1508063492.117386, 1508063492.629173, 1508063492.650561, 0.235666, 9
11, 1508063489.696455, 1508063489.701365, 1508063489.814679, 1508063492.113769, 1508063492.636471, 1508063492.646957, 0.265662, 9
4, 1508063489.701207, 1508063489.706102, 1508063489.717022, 1508063492.118514, 1508063492.288838, 1508063492.651865, 0.256014, 9
8, 1508063489.696440, 1508063489.701361, 1508063489.815108, 1508063492.113763, 1508063492.515748, 1508063492.647112, 0.568436, 9
7, 1508063489.701210, 1508063489.706105, 1508063489.716804, 1508063492.118520, 1508063492.305737, 1508063492.651857, 0.672061, 9

real	0m3.378s
user	0m0.017s
sys	0m0.041s
N 4, n 24
9, 1508063497.333727, 1508063497.338817, 1508063497.456544, 1508063499.255490, 1508063499.807309, 1508063499.836163, 0.199383, 13
10, 1508063497.333705, 1508063497.338818, 1508063497.456814, 1508063499.255484, 1508063499.773056, 1508063499.836296, 0.219688, 13
8, 1508063497.333705, 1508063497.338816, 1508063497.456986, 1508063499.255491, 1508063499.395565, 1508063499.836308, 0.228747, 13
16, 1508063497.332571, 1508063497.337686, 1508063497.441509, 1508063499.254349, 1508063499.833120, 1508063499.835160, 0.198032, 13
13, 1508063497.332586, 1508063497.337683, 1508063497.441907, 1508063499.254350, 1508063499.834219, 1508063499.835215, 0.206410, 13
2, 1508063497.333224, 1508063497.338321, 1508063497.464978, 1508063499.254996, 1508063499.546770, 1508063499.835877, 0.430676, 13
22, 1508063497.331400, 1508063497.336531, 1508063497.443678, 1508063499.253186, 1508063499.831298, 1508063499.834065, 0.193426, 13
14, 1508063497.332571, 1508063497.337684, 1508063497.444066, 1508063499.254348, 1508063499.651186, 1508063499.835308, 0.213441, 13
23, 1508063497.331425, 1508063497.336531, 1508063497.417258, 1508063499.253182, 1508063499.775979, 1508063499.834059, 0.141898, 13
7, 1508063497.333727, 1508063497.338815, 1508063497.457565, 1508063499.255482, 1508063499.825897, 1508063499.836498, 0.214796, 13
21, 1508063497.331425, 1508063497.336529, 1508063497.439744, 1508063499.253178, 1508063499.775918, 1508063499.834222, 0.256574, 13
19, 1508063497.331425, 1508063497.336527, 1508063497.444079, 1508063499.253178, 1508063499.775811, 1508063499.834249, 0.250238, 13
20, 1508063497.331400, 1508063497.336528, 1508063497.442092, 1508063499.253186, 1508063499.395988, 1508063499.834280, 0.201534, 13
0, 1508063497.333245, 1508063497.338318, 1508063497.465156, 1508063499.255007, 1508063499.550739, 1508063499.836110, 0.316977, 13
15, 1508063497.332586, 1508063497.337685, 1508063497.442761, 1508063499.254346, 1508063499.651266, 1508063499.835519, 0.212325, 13
1, 1508063497.333225, 1508063497.338320, 1508063497.472016, 1508063499.255005, 1508063499.550981, 1508063499.836126, 0.236194, 13
3, 1508063497.333225, 1508063497.338322, 1508063497.464928, 1508063499.254995, 1508063499.549357, 1508063499.836092, 0.202311, 13
4, 1508063497.333223, 1508063497.338324, 1508063497.465238, 1508063499.255001, 1508063499.550955, 1508063499.836119, 0.209198, 13
5, 1508063497.333226, 1508063497.338325, 1508063497.424519, 1508063499.255000, 1508063499.523250, 1508063499.836818, 0.296748, 13
18, 1508063497.331400, 1508063497.336526, 1508063497.443653, 1508063499.253183, 1508063499.775924, 1508063499.835000, 0.254161, 13
12, 1508063497.332572, 1508063497.337682, 1508063497.439869, 1508063499.254351, 1508063499.651251, 1508063499.836275, 0.263638, 13
6, 1508063497.333707, 1508063497.338813, 1508063497.456068, 1508063499.255484, 1508063499.825860, 1508063499.837431, 0.288860, 13
17, 1508063497.332586, 1508063497.337687, 1508063497.414245, 1508063499.254338, 1508063499.651253, 1508063499.836279, 0.319493, 13
11, 1508063497.333727, 1508063497.338819, 1508063497.436684, 1508063499.255482, 1508063499.824189, 1508063499.837432, 0.285763, 13

real	0m3.023s
user	0m0.020s
sys	0m0.049s
N 4, n 32
4, 1508063504.577175, 1508063504.581766, 1508063504.592034, 1508063506.250820, 1508063506.783115, 1508063506.788178, 0.429640, 17
14, 1508063504.572691, 1508063504.577028, 1508063504.653183, 1508063506.246068, 1508063506.746507, 1508063506.783478, 0.268608, 17
5, 1508063504.577444, 1508063504.581767, 1508063504.592080, 1508063506.250819, 1508063506.784869, 1508063506.788204, 0.402676, 17
10, 1508063504.572692, 1508063504.577024, 1508063504.653636, 1508063506.246067, 1508063506.325644, 1508063506.783619, 0.272794, 17
25, 1508063504.576792, 1508063504.581149, 1508063504.660228, 1508063506.250175, 1508063506.361289, 1508063506.787730, 0.289720, 17
6, 1508063504.577445, 1508063504.581769, 1508063504.592282, 1508063506.250821, 1508063506.784917, 1508063506.788172, 0.270807, 17
0, 1508063504.577189, 1508063504.581759, 1508063504.592457, 1508063506.250820, 1508063506.324518, 1508063506.788285, 0.143377, 17
20, 1508063504.576062, 1508063504.580654, 1508063504.655241, 1508063506.249685, 1508063506.387421, 1508063506.787323, 0.244873, 17
3, 1508063504.577444, 1508063504.581765, 1508063504.592052, 1508063506.250819, 1508063506.784745, 1508063506.788358, 0.399481, 17
1, 1508063504.577444, 1508063504.581763, 1508063504.592562, 1508063506.250823, 1508063506.784906, 1508063506.788380, 0.419015, 17
9, 1508063504.572685, 1508063504.577023, 1508063504.655971, 1508063506.246069, 1508063506.779658, 1508063506.783731, 0.278035, 17
26, 1508063504.576796, 1508063504.581151, 1508063504.658042, 1508063506.250172, 1508063506.339805, 1508063506.787733, 0.241604, 17
11, 1508063504.572685, 1508063504.577025, 1508063504.652783, 1508063506.246065, 1508063506.780757, 1508063506.783729, 0.268029, 17
28, 1508063504.576545, 1508063504.581153, 1508063504.656965, 1508063506.250174, 1508063506.480355, 1508063506.787725, 0.249438, 17
12, 1508063504.572430, 1508063504.577026, 1508063504.653054, 1508063506.246068, 1508063506.780396, 1508063506.783765, 0.273545, 17
30, 1508063504.576795, 1508063504.581155, 1508063504.657118, 1508063506.250174, 1508063506.483619, 1508063506.787722, 0.244219, 17
2, 1508063504.577446, 1508063504.581764, 1508063504.592034, 1508063506.250820, 1508063506.713897, 1508063506.788505, 0.263725, 17
13, 1508063504.572685, 1508063504.577027, 1508063504.652897, 1508063506.246068, 1508063506.780770, 1508063506.783724, 0.262800, 17
27, 1508063504.576792, 1508063504.581152, 1508063504.657431, 1508063506.250170, 1508063506.483652, 1508063506.787944, 0.315753, 17
29, 1508063504.576794, 1508063504.581154, 1508063504.657353, 1508063506.250175, 1508063506.483655, 1508063506.787951, 0.309372, 17
31, 1508063504.576792, 1508063504.581156, 1508063504.657104, 1508063506.250173, 1508063506.483682, 1508063506.787937, 0.132155, 17
22, 1508063504.576322, 1508063504.580656, 1508063504.655451, 1508063506.249687, 1508063506.784526, 1508063506.787303, 0.398427, 17
18, 1508063504.576323, 1508063504.580652, 1508063504.656265, 1508063506.249687, 1508063506.786267, 1508063506.787381, 0.250077, 17
19, 1508063504.576332, 1508063504.580653, 1508063504.656356, 1508063506.249684, 1508063506.786285, 1508063506.787516, 0.252991, 17
21, 1508063504.576330, 1508063504.580655, 1508063504.656206, 1508063506.249684, 1508063506.785625, 1508063506.787498, 0.413728, 17
17, 1508063504.576330, 1508063504.580651, 1508063504.659247, 1508063506.249688, 1508063506.786231, 1508063506.787629, 0.247108, 17
7, 1508063504.577444, 1508063504.581770, 1508063504.592046, 1508063506.250819, 1508063506.757029, 1508063506.789018, 0.449670, 17
16, 1508063504.576062, 1508063504.580650, 1508063504.587402, 1508063506.249686, 1508063506.488690, 1508063506.787904, 0.355952, 17
24, 1508063504.576545, 1508063504.581148, 1508063504.587876, 1508063506.250172, 1508063506.481731, 1508063506.788384, 0.511142, 17
8, 1508063504.572430, 1508063504.577022, 1508063504.583485, 1508063506.246066, 1508063506.780694, 1508063506.784531, 0.450936, 17
23, 1508063504.576330, 1508063504.580657, 1508063504.655829, 1508063506.249684, 1508063506.762681, 1508063506.788125, 0.295771, 17
15, 1508063504.572685, 1508063504.577030, 1508063504.653172, 1508063506.246067, 1508063506.778489, 1508063506.784684, 0.306895, 17

real	0m2.851s
user	0m0.024s
sys	0m0.060s
N 4, n 40
28, 1508063511.651544, 1508063511.656201, 1508063511.667106, 1508063513.203210, 1508063513.730437, 1508063513.740970, 0.335772, 21
12, 1508063511.647936, 1508063511.652567, 1508063511.663792, 1508063513.199599, 1508063513.736733, 1508063513.737441, 0.308396, 21
18, 1508063511.647646, 1508063511.652574, 1508063511.663947, 1508063513.199606, 1508063513.718012, 1508063513.737476, 0.304216, 21
2, 1508063511.652179, 1508063511.657307, 1508063511.668758, 1508063513.204359, 1508063513.658332, 1508063513.742250, 0.322207, 21
32, 1508063511.651994, 1508063511.656697, 1508063511.668034, 1508063513.203700, 1508063513.399436, 1508063513.741644, 0.400284, 21
16, 1508063511.647893, 1508063511.652571, 1508063511.663445, 1508063513.199599, 1508063513.736766, 1508063513.737623, 0.312637, 21
14, 1508063511.647441, 1508063511.652569, 1508063511.664183, 1508063513.199600, 1508063513.736641, 1508063513.737775, 0.308137, 21
34, 1508063511.651760, 1508063511.656699, 1508063511.668236, 1508063513.203707, 1508063513.398936, 1508063513.741651, 0.301316, 21
6, 1508063511.652179, 1508063511.657311, 1508063511.668667, 1508063513.204358, 1508063513.266771, 1508063513.742260, 0.323641, 21
36, 1508063511.651994, 1508063511.656701, 1508063511.667645, 1508063513.203702, 1508063513.399438, 1508063513.741775, 0.303948, 21
1, 1508063511.652647, 1508063511.657306, 1508063511.668398, 1508063513.204354, 1508063513.628403, 1508063513.742318, 0.317670, 21
38, 1508063511.651760, 1508063511.656704, 1508063511.668147, 1508063513.203701, 1508063513.399005, 1508063513.741781, 0.303652, 21
8, 1508063511.652687, 1508063511.657314, 1508063511.668566, 1508063513.204356, 1508063513.658342, 1508063513.742387, 0.327748, 21
33, 1508063511.651538, 1508063511.656698, 1508063511.667961, 1508063513.203701, 1508063513.232938, 1508063513.741840, 0.356713, 21
4, 1508063511.652421, 1508063511.657309, 1508063511.668566, 1508063513.204360, 1508063513.628403, 1508063513.742398, 0.320441, 21
37, 1508063511.651537, 1508063511.656702, 1508063511.667981, 1508063513.203699, 1508063513.398867, 1508063513.741832, 0.382029, 21
0, 1508063511.652668, 1508063511.657302, 1508063511.668592, 1508063513.204356, 1508063513.658390, 1508063513.742445, 0.182289, 21
15, 1508063511.647441, 1508063511.652570, 1508063511.663859, 1508063513.199599, 1508063513.736162, 1508063513.737868, 0.312264, 21
31, 1508063511.651537, 1508063511.656696, 1508063511.667969, 1508063513.203699, 1508063513.290891, 1508063513.741850, 0.319970, 21
3, 1508063511.652205, 1508063511.657308, 1508063511.668348, 1508063513.204358, 1508063513.628429, 1508063513.742447, 0.307837, 21
22, 1508063511.651272, 1508063511.656194, 1508063511.667731, 1508063513.203213, 1508063513.737812, 1508063513.741461, 0.313582, 21
17, 1508063511.647441, 1508063511.652573, 1508063511.663976, 1508063513.199600, 1508063513.315154, 1508063513.737860, 0.308280, 21
39, 1508063511.651537, 1508063511.656704, 1508063511.668002, 1508063513.203702, 1508063513.400937, 1508063513.741851, 0.162798, 21
5, 1508063511.652446, 1508063511.657310, 1508063511.668344, 1508063513.204359, 1508063513.731817, 1508063513.742494, 0.304143, 21
13, 1508063511.647938, 1508063511.652568, 1508063511.663849, 1508063513.199599, 1508063513.735033, 1508063513.737875, 0.323790, 21
7, 1508063511.652205, 1508063511.657312, 1508063511.668342, 1508063513.204357, 1508063513.628408, 1508063513.742620, 0.304096, 21
35, 1508063511.651537, 1508063511.656700, 1508063511.667874, 1508063513.203704, 1508063513.407088, 1508063513.742000, 0.366771, 21
23, 1508063511.651060, 1508063511.656195, 1508063511.667494, 1508063513.203213, 1508063513.736036, 1508063513.741497, 0.316263, 21
11, 1508063511.647441, 1508063511.652566, 1508063511.663856, 1508063513.199599, 1508063513.736739, 1508063513.738016, 0.317880, 21
24, 1508063511.651505, 1508063511.656196, 1508063511.667592, 1508063513.203209, 1508063513.737795, 1508063513.741476, 0.323705, 21
21, 1508063511.651060, 1508063511.656193, 1508063511.667532, 1508063513.203212, 1508063513.737029, 1508063513.741518, 0.310675, 21
25, 1508063511.651060, 1508063511.656197, 1508063511.667596, 1508063513.203216, 1508063513.685005, 1508063513.741690, 0.325346, 21
10, 1508063511.647441, 1508063511.652564, 1508063511.664028, 1508063513.199599, 1508063513.736625, 1508063513.738127, 0.333734, 21
20, 1508063511.651504, 1508063511.656192, 1508063511.667246, 1508063513.203215, 1508063513.259879, 1508063513.741727, 0.335765, 21
27, 1508063511.651060, 1508063511.656200, 1508063511.667580, 1508063513.203213, 1508063513.737704, 1508063513.741728, 0.326130, 21
26, 1508063511.651278, 1508063511.656199, 1508063511.667736, 1508063513.203215, 1508063513.737758, 1508063513.741789, 0.322659, 21
19, 1508063511.647441, 1508063511.652575, 1508063511.663407, 1508063513.199603, 1508063513.315119, 1508063513.738349, 0.337878, 21
9, 1508063511.652686, 1508063511.657315, 1508063511.667997, 1508063513.204354, 1508063513.731028, 1508063513.743170, 0.340407, 21
30, 1508063511.652035, 1508063511.656695, 1508063511.668110, 1508063513.203698, 1508063513.399795, 1508063513.742478, 0.439222, 21
29, 1508063511.651059, 1508063511.656202, 1508063511.667623, 1508063513.203209, 1508063513.737571, 1508063513.742497, 0.432528, 21

real	0m2.844s
user	0m0.030s
sys	0m0.070s
N 4, n 48
4, 1508063518.757303, 1508063518.762185, 1508063518.773610, 1508063520.370366, 1508063520.777432, 1508063520.780779, 0.372598, 25
32, 1508063518.755823, 1508063518.761077, 1508063518.772278, 1508063520.369220, 1508063520.739908, 1508063520.779667, 0.368314, 25
2, 1508063518.756741, 1508063518.762182, 1508063518.773140, 1508063520.370370, 1508063520.777408, 1508063520.781030, 0.464502, 25
45, 1508063518.756089, 1508063518.761586, 1508063518.773311, 1508063520.369711, 1508063520.754399, 1508063520.780262, 0.462636, 25
6, 1508063518.756741, 1508063518.762187, 1508063518.773630, 1508063520.370368, 1508063520.777348, 1508063520.781046, 0.372559, 25
16, 1508063518.752210, 1508063518.757445, 1508063518.768899, 1508063520.365609, 1508063520.728788, 1508063520.776265, 0.365516, 25
30, 1508063518.755603, 1508063518.761074, 1508063518.772222, 1508063520.369219, 1508063520.407617, 1508063520.779922, 0.372932, 25
8, 1508063518.757303, 1508063518.762189, 1508063518.773550, 1508063520.370366, 1508063520.412602, 1508063520.781222, 0.363518, 25
18, 1508063518.751989, 1508063518.757447, 1508063518.768904, 1508063520.365611, 1508063520.404976, 1508063520.776258, 0.371741, 25
40, 1508063518.756355, 1508063518.761580, 1508063518.772771, 1508063520.369708, 1508063520.754481, 1508063520.780340, 0.459495, 25
34, 1508063518.756156, 1508063518.761080, 1508063518.772259, 1508063520.369218, 1508063520.738961, 1508063520.780004, 0.366769, 25
17, 1508063518.752208, 1508063518.757446, 1508063518.768830, 1508063520.365607, 1508063520.728565, 1508063520.776343, 0.372117, 25
42, 1508063518.756355, 1508063518.761583, 1508063518.772871, 1508063520.369714, 1508063520.754399, 1508063520.780381, 0.468921, 25
22, 1508063518.751989, 1508063518.757452, 1508063518.768892, 1508063520.365610, 1508063520.728906, 1508063520.776386, 0.370796, 25
46, 1508063518.756355, 1508063518.761587, 1508063518.772818, 1508063520.369712, 1508063520.754410, 1508063520.780361, 0.359422, 25
43, 1508063518.756092, 1508063518.761584, 1508063518.773292, 1508063520.369712, 1508063520.754347, 1508063520.780417, 0.444607, 25
39, 1508063518.756089, 1508063518.761579, 1508063518.773305, 1508063520.369714, 1508063520.756029, 1508063520.780436, 0.489350, 25
38, 1508063518.756355, 1508063518.761578, 1508063518.772557, 1508063520.369713, 1508063520.773167, 1508063520.780467, 0.440877, 25
5, 1508063518.757306, 1508063518.762185, 1508063518.773492, 1508063520.370364, 1508063520.777628, 1508063520.781315, 0.358614, 25
27, 1508063518.755603, 1508063518.761071, 1508063518.772503, 1508063520.369218, 1508063520.739975, 1508063520.780121, 0.377296, 25
20, 1508063518.752211, 1508063518.757450, 1508063518.768189, 1508063520.365611, 1508063520.728922, 1508063520.776409, 0.365974, 25
44, 1508063518.756355, 1508063518.761585, 1508063518.772862, 1508063520.369708, 1508063520.412208, 1508063520.780487, 0.357327, 25
28, 1508063518.755822, 1508063518.761072, 1508063518.771917, 1508063520.369220, 1508063520.739888, 1508063520.780156, 0.373980, 25
21, 1508063518.752210, 1508063518.757451, 1508063518.768808, 1508063520.365610, 1508063520.728816, 1508063520.776429, 0.381429, 25
37, 1508063518.756089, 1508063518.761577, 1508063518.773020, 1508063520.369713, 1508063520.756001, 1508063520.780549, 0.365698, 25
24, 1508063518.755825, 1508063518.761067, 1508063518.772262, 1508063520.369218, 1508063520.736696, 1508063520.780202, 0.373462, 25
14, 1508063518.751989, 1508063518.757443, 1508063518.768945, 1508063520.365612, 1508063520.715622, 1508063520.776442, 0.375590, 25
41, 1508063518.756089, 1508063518.761581, 1508063518.772992, 1508063520.369714, 1508063520.754392, 1508063520.780559, 0.427141, 25
1, 1508063518.756971, 1508063518.762181, 1508063518.773481, 1508063520.370365, 1508063520.777413, 1508063520.781357, 0.361351, 25
19, 1508063518.751992, 1508063518.757449, 1508063518.768798, 1508063520.365610, 1508063520.728197, 1508063520.776601, 0.359562, 25
47, 1508063518.756089, 1508063518.761588, 1508063518.773206, 1508063520.369712, 1508063520.754461, 1508063520.780603, 0.190919, 25
10, 1508063518.756741, 1508063518.762191, 1508063518.773642, 1508063520.370366, 1508063520.780062, 1508063520.781357, 0.364220, 25
13, 1508063518.752215, 1508063518.757442, 1508063518.768774, 1508063520.365609, 1508063520.728772, 1508063520.776618, 0.372262, 25
0, 1508063518.756985, 1508063518.762177, 1508063518.773514, 1508063520.370367, 1508063520.777507, 1508063520.781437, 0.192913, 25
15, 1508063518.751992, 1508063518.757444, 1508063518.768423, 1508063520.365611, 1508063520.726848, 1508063520.776671, 0.367035, 25
3, 1508063518.756745, 1508063518.762183, 1508063518.773470, 1508063520.370368, 1508063520.777561, 1508063520.781493, 0.354608, 25
36, 1508063518.756652, 1508063518.761576, 1508063518.772875, 1508063520.369709, 1508063520.754357, 1508063520.780681, 0.441005, 25
7, 1508063518.756741, 1508063518.762188, 1508063518.773539, 1508063520.370367, 1508063520.777609, 1508063520.781546, 0.372899, 25
29, 1508063518.755820, 1508063518.761073, 1508063518.772486, 1508063520.369219, 1508063520.739819, 1508063520.780273, 0.389311, 25
12, 1508063518.752216, 1508063518.757440, 1508063518.768913, 1508063520.365611, 1508063520.728767, 1508063520.776779, 0.364304, 25
9, 1508063518.757305, 1508063518.762190, 1508063518.773092, 1508063520.370364, 1508063520.777529, 1508063520.781543, 0.367837, 25
33, 1508063518.755603, 1508063518.761078, 1508063518.772552, 1508063520.369223, 1508063520.740021, 1508063520.780304, 0.378868, 25
25, 1508063518.755821, 1508063518.761069, 1508063518.772525, 1508063520.369218, 1508063520.739737, 1508063520.780322, 0.365921, 25
26, 1508063518.755603, 1508063518.761070, 1508063518.771919, 1508063520.369219, 1508063520.740044, 1508063520.780304, 0.371794, 25
31, 1508063518.755603, 1508063518.761076, 1508063518.772570, 1508063520.369218, 1508063520.739698, 1508063520.780319, 0.383924, 25
11, 1508063518.756743, 1508063518.762193, 1508063518.773073, 1508063520.370365, 1508063520.777342, 1508063520.781741, 0.369176, 25
35, 1508063518.755603, 1508063518.761081, 1508063518.772217, 1508063520.369221, 1508063520.739858, 1508063520.780775, 0.457996, 25
23, 1508063518.751992, 1508063518.757454, 1508063518.768447, 1508063520.365609, 1508063520.728712, 1508063520.777329, 0.378128, 25

real	0m2.931s
user	0m0.035s
sys	0m0.074s
