N 1, n 12
4, 1508073702.582908, 1508073702.590037, 1508073702.637601, 1508073705.937126, 1508073706.577540, 1508073706.578837, 0.470394, 7
8, 1508073702.582906, 1508073702.590042, 1508073702.637882, 1508073705.937123, 1508073706.246186, 1508073706.578858, 0.392999, 7
10, 1508073702.582905, 1508073702.590044, 1508073702.636892, 1508073705.937123, 1508073706.482452, 1508073706.579058, 0.435960, 7
0, 1508073702.582926, 1508073702.590032, 1508073702.637463, 1508073705.937130, 1508073706.535271, 1508073706.579101, 0.616184, 7
11, 1508073702.582816, 1508073702.590045, 1508073702.636428, 1508073705.937123, 1508073706.576402, 1508073706.579186, 0.242236, 7
7, 1508073702.582816, 1508073702.590040, 1508073702.636616, 1508073705.937124, 1508073706.561460, 1508073706.579216, 0.439513, 7
5, 1508073702.582906, 1508073702.590038, 1508073702.635867, 1508073705.937124, 1508073706.510329, 1508073706.579289, 0.402011, 7
2, 1508073702.582819, 1508073702.590035, 1508073702.636800, 1508073705.937125, 1508073706.577477, 1508073706.579312, 0.824435, 7
9, 1508073702.582818, 1508073702.590043, 1508073702.636523, 1508073705.937123, 1508073706.577606, 1508073706.579297, 0.523312, 7
1, 1508073702.582900, 1508073702.590034, 1508073702.636584, 1508073705.937124, 1508073706.457554, 1508073706.579315, 0.382515, 7
3, 1508073702.582818, 1508073702.590036, 1508073702.635867, 1508073705.937124, 1508073706.572382, 1508073706.579368, 0.397087, 7
6, 1508073702.582819, 1508073702.590039, 1508073702.637894, 1508073705.937125, 1508073706.577556, 1508073706.579514, 0.390359, 7

real	0m4.345s
user	0m0.009s
sys	0m0.028s
N 2, n 24
4, 1508073711.326344, 1508073711.334616, 1508073711.357494, 1508073713.506441, 1508073713.637569, 1508073714.458089, 0.418322, 13
0, 1508073711.326268, 1508073711.334611, 1508073711.357392, 1508073713.506436, 1508073713.637516, 1508073714.458227, 0.384492, 13
8, 1508073711.326248, 1508073711.334621, 1508073711.357291, 1508073713.506438, 1508073714.088809, 1508073714.458256, 0.421818, 13
17, 1508073711.326842, 1508073711.335228, 1508073711.358193, 1508073713.507026, 1508073714.455939, 1508073714.458846, 0.425095, 13
10, 1508073711.326260, 1508073711.334624, 1508073711.357323, 1508073713.506437, 1508073714.127745, 1508073714.458452, 0.390498, 13
18, 1508073711.326936, 1508073711.335229, 1508073711.358370, 1508073713.507033, 1508073713.634373, 1508073714.459025, 0.380949, 13
22, 1508073711.326584, 1508073711.335234, 1508073711.358408, 1508073713.507032, 1508073714.457658, 1508073714.459039, 0.399703, 13
19, 1508073711.326584, 1508073711.335230, 1508073711.358429, 1508073713.507033, 1508073714.160905, 1508073714.459093, 0.452960, 13
15, 1508073711.326584, 1508073711.335225, 1508073711.358266, 1508073713.507032, 1508073714.457593, 1508073714.459098, 0.401150, 13
21, 1508073711.326841, 1508073711.335233, 1508073711.358495, 1508073713.507030, 1508073714.457379, 1508073714.459107, 0.529202, 13
23, 1508073711.326584, 1508073711.335235, 1508073711.358356, 1508073713.507031, 1508073714.457150, 1508073714.459116, 0.228868, 13
2, 1508073711.326254, 1508073711.334614, 1508073711.357354, 1508073713.506436, 1508073714.159082, 1508073714.458665, 0.604537, 13
14, 1508073711.326583, 1508073711.335224, 1508073711.357854, 1508073713.507033, 1508073714.457491, 1508073714.459172, 0.595599, 13
20, 1508073711.326838, 1508073711.335231, 1508073711.358283, 1508073713.507029, 1508073714.452507, 1508073714.459185, 0.388499, 13
16, 1508073711.326838, 1508073711.335226, 1508073711.357856, 1508073713.507027, 1508073714.457582, 1508073714.459215, 0.570624, 13
13, 1508073711.326584, 1508073711.335224, 1508073711.357891, 1508073713.507032, 1508073714.190121, 1508073714.459242, 0.606339, 13
6, 1508073711.325991, 1508073711.334619, 1508073711.357362, 1508073713.506440, 1508073714.188648, 1508073714.458694, 0.414155, 13
1, 1508073711.326250, 1508073711.334613, 1508073711.357668, 1508073713.506434, 1508073714.195070, 1508073714.458692, 0.390291, 13
9, 1508073711.326250, 1508073711.334622, 1508073711.357462, 1508073713.506436, 1508073714.204013, 1508073714.458731, 0.397441, 13
3, 1508073711.326251, 1508073711.334615, 1508073711.357502, 1508073713.506434, 1508073714.203967, 1508073714.458812, 0.402178, 13
5, 1508073711.326344, 1508073711.334617, 1508073711.357514, 1508073713.506440, 1508073714.203930, 1508073714.458811, 0.401347, 13
7, 1508073711.325996, 1508073711.334620, 1508073711.357738, 1508073713.506439, 1508073714.204028, 1508073714.458900, 0.427416, 13
12, 1508073711.326583, 1508073711.335222, 1508073711.357852, 1508073713.507034, 1508073713.634421, 1508073714.459817, 0.333461, 13
11, 1508073711.326258, 1508073711.334625, 1508073711.357474, 1508073713.506436, 1508073714.203996, 1508073714.459448, 0.320872, 13

real	0m3.778s
user	0m0.020s
sys	0m0.043s
N 3, n 36
16, 1508073719.340001, 1508073719.348308, 1508073719.363425, 1508073721.063233, 1508073721.763142, 1508073721.772925, 0.385378, 19
14, 1508073719.340222, 1508073719.348305, 1508073719.363508, 1508073721.063237, 1508073721.761251, 1508073721.773098, 0.391887, 19
18, 1508073719.340223, 1508073719.348310, 1508073719.363324, 1508073721.063233, 1508073721.763366, 1508073721.773135, 0.386711, 19
10, 1508073719.339927, 1508073719.347707, 1508073719.362956, 1508073721.062639, 1508073721.124816, 1508073721.772558, 0.381346, 19
20, 1508073719.340001, 1508073719.348313, 1508073719.363338, 1508073721.063238, 1508073721.735033, 1508073721.773214, 0.403621, 19
0, 1508073719.339426, 1508073719.347695, 1508073719.362495, 1508073721.062652, 1508073721.763640, 1508073721.772602, 0.206940, 19
29, 1508073719.342029, 1508073719.350346, 1508073719.365854, 1508073721.065251, 1508073721.772964, 1508073721.775192, 0.425766, 19
22, 1508073719.340221, 1508073719.348315, 1508073719.363366, 1508073721.063233, 1508073721.763207, 1508073721.773242, 0.404437, 19
4, 1508073719.339630, 1508073719.347700, 1508073719.362888, 1508073721.062646, 1508073721.703978, 1508073721.772599, 0.382898, 19
8, 1508073719.339411, 1508073719.347705, 1508073719.362853, 1508073721.062641, 1508073721.763666, 1508073721.772694, 0.376164, 19
25, 1508073719.342032, 1508073719.350341, 1508073719.365813, 1508073721.065248, 1508073721.774086, 1508073721.775307, 0.402328, 19
15, 1508073719.340011, 1508073719.348307, 1508073719.363310, 1508073721.063238, 1508073721.190070, 1508073721.773315, 0.378088, 19
5, 1508073719.339625, 1508073719.347701, 1508073719.363196, 1508073721.062645, 1508073721.763680, 1508073721.772712, 0.383347, 19
27, 1508073719.342026, 1508073719.350344, 1508073719.365676, 1508073721.065248, 1508073721.256341, 1508073721.775300, 0.412349, 19
2, 1508073719.339411, 1508073719.347698, 1508073719.362321, 1508073721.062647, 1508073721.731365, 1508073721.772737, 0.393187, 19
3, 1508073719.339414, 1508073719.347699, 1508073719.363207, 1508073721.062646, 1508073721.763581, 1508073721.772731, 0.377790, 19
7, 1508073719.339417, 1508073719.347704, 1508073719.362972, 1508073721.062648, 1508073721.763617, 1508073721.772761, 0.378690, 19
6, 1508073719.339416, 1508073719.347703, 1508073719.362808, 1508073721.062649, 1508073721.761796, 1508073721.772821, 0.384126, 19
28, 1508073719.342029, 1508073719.350344, 1508073719.365728, 1508073721.065252, 1508073721.751819, 1508073721.775385, 0.379087, 19
19, 1508073719.340005, 1508073719.348311, 1508073719.363364, 1508073721.063236, 1508073721.683380, 1508073721.773455, 0.382360, 19
9, 1508073719.339414, 1508073719.347706, 1508073719.362407, 1508073721.062640, 1508073721.763659, 1508073721.772844, 0.385211, 19
31, 1508073719.342026, 1508073719.350348, 1508073719.365811, 1508073721.065254, 1508073721.773958, 1508073721.775390, 0.453559, 19
21, 1508073719.340005, 1508073719.348314, 1508073719.363310, 1508073721.063234, 1508073721.763127, 1508073721.773477, 0.396793, 19
13, 1508073719.340015, 1508073719.348305, 1508073719.363426, 1508073721.063234, 1508073721.763134, 1508073721.773515, 0.377534, 19
17, 1508073719.340005, 1508073719.348309, 1508073719.363385, 1508073721.063237, 1508073721.762359, 1508073721.773510, 0.391132, 19
1, 1508073719.339413, 1508073719.347697, 1508073719.363136, 1508073721.062649, 1508073721.667660, 1508073721.772901, 0.378854, 19
30, 1508073719.342231, 1508073719.350347, 1508073719.365470, 1508073721.065253, 1508073721.751818, 1508073721.775438, 0.368616, 19
32, 1508073719.342031, 1508073719.350349, 1508073719.365562, 1508073721.065251, 1508073721.751868, 1508073721.775423, 0.374146, 19
33, 1508073719.342026, 1508073719.350351, 1508073719.365713, 1508073721.065254, 1508073721.250562, 1508073721.775454, 0.483822, 19
34, 1508073719.342232, 1508073719.350352, 1508073719.365307, 1508073721.065251, 1508073721.751815, 1508073721.775421, 0.403452, 19
26, 1508073719.342232, 1508073719.350342, 1508073719.365626, 1508073721.065248, 1508073721.751777, 1508073721.775574, 0.366560, 19
12, 1508073719.340002, 1508073719.348303, 1508073719.363324, 1508073721.063236, 1508073721.763388, 1508073721.773684, 0.342020, 19
35, 1508073719.342029, 1508073719.350353, 1508073719.364992, 1508073721.065254, 1508073721.256243, 1508073721.775726, 0.210928, 19
11, 1508073719.339416, 1508073719.347709, 1508073719.362949, 1508073721.062639, 1508073721.617827, 1508073721.773445, 0.352501, 19
24, 1508073719.342027, 1508073719.350339, 1508073719.365522, 1508073721.065249, 1508073721.774174, 1508073721.776015, 0.343211, 19
23, 1508073719.340005, 1508073719.348317, 1508073719.363351, 1508073721.063236, 1508073721.184833, 1508073721.774151, 0.358964, 19

real	0m3.195s
user	0m0.022s
sys	0m0.063s
N 4, n 48
2, 1508073726.755139, 1508073726.764908, 1508073726.776254, 1508073728.379061, 1508073729.076532, 1508073729.117591, 0.385588, 25
46, 1508073726.756973, 1508073726.766792, 1508073726.778213, 1508073728.380890, 1508073729.066381, 1508073729.119527, 0.374149, 25
28, 1508073726.756820, 1508073726.766615, 1508073726.777810, 1508073728.380734, 1508073728.547116, 1508073729.119285, 0.352382, 25
0, 1508073726.755163, 1508073726.764902, 1508073726.776264, 1508073728.379061, 1508073729.076163, 1508073729.117690, 0.206185, 25
6, 1508073726.755139, 1508073726.764913, 1508073726.776275, 1508073728.379062, 1508073729.071370, 1508073729.117819, 0.388379, 25
4, 1508073726.755139, 1508073726.764911, 1508073726.776106, 1508073728.379061, 1508073729.056548, 1508073729.117834, 0.382289, 25
30, 1508073726.756828, 1508073726.766618, 1508073726.778062, 1508073728.380737, 1508073728.547121, 1508073729.119337, 0.453334, 25
37, 1508073726.756971, 1508073726.766782, 1508073726.778067, 1508073728.380886, 1508073728.492862, 1508073729.119574, 0.406399, 25
15, 1508073726.754864, 1508073726.764632, 1508073726.775459, 1508073728.378767, 1508073729.115882, 1508073729.117515, 0.379430, 25
32, 1508073726.756820, 1508073726.766620, 1508073726.777643, 1508073728.380730, 1508073729.118159, 1508073729.119401, 0.375171, 25
44, 1508073726.756980, 1508073726.766789, 1508073726.777966, 1508073728.380885, 1508073729.011011, 1508073729.119642, 0.369349, 25
34, 1508073726.756827, 1508073726.766623, 1508073726.778072, 1508073728.380732, 1508073729.118239, 1508073729.119394, 0.369617, 25
26, 1508073726.756823, 1508073726.766613, 1508073726.777892, 1508073728.380733, 1508073729.110152, 1508073729.119443, 0.359525, 25
40, 1508073726.756973, 1508073726.766785, 1508073726.777918, 1508073728.380887, 1508073729.061345, 1508073729.119681, 0.368991, 25
42, 1508073726.756989, 1508073726.766787, 1508073726.778319, 1508073728.380889, 1508073729.066297, 1508073729.119707, 0.366216, 25
25, 1508073726.756828, 1508073726.766612, 1508073726.777655, 1508073728.380731, 1508073729.118035, 1508073729.119542, 0.360399, 25
39, 1508073726.756978, 1508073726.766784, 1508073726.777980, 1508073728.380890, 1508073729.066351, 1508073729.119752, 0.417977, 25
21, 1508073726.754862, 1508073726.764640, 1508073726.775569, 1508073728.378767, 1508073729.107511, 1508073729.117593, 0.378967, 25
8, 1508073726.755140, 1508073726.764915, 1508073726.775968, 1508073728.379060, 1508073729.076126, 1508073729.118073, 0.387373, 25
29, 1508073726.756822, 1508073726.766617, 1508073726.777729, 1508073728.380733, 1508073729.118133, 1508073729.119558, 0.463285, 25
38, 1508073726.756981, 1508073726.766783, 1508073726.778284, 1508073728.380886, 1508073729.066373, 1508073729.119784, 0.363471, 25
13, 1508073726.754862, 1508073726.764631, 1508073726.775614, 1508073728.378767, 1508073729.114186, 1508073729.117634, 0.371244, 25
31, 1508073726.756830, 1508073726.766619, 1508073726.777740, 1508073728.380736, 1508073729.118080, 1508073729.119590, 0.391651, 25
41, 1508073726.756980, 1508073726.766786, 1508073726.778077, 1508073728.380889, 1508073729.064130, 1508073729.119778, 0.442184, 25
16, 1508073726.754860, 1508073726.764633, 1508073726.775731, 1508073728.378769, 1508073729.116129, 1508073729.117651, 0.375129, 25
27, 1508073726.756820, 1508073726.766614, 1508073726.777593, 1508073728.380731, 1508073729.116748, 1508073729.119695, 0.447853, 25
45, 1508073726.756971, 1508073726.766791, 1508073726.777822, 1508073728.380888, 1508073728.781545, 1508073729.119786, 0.483078, 25
18, 1508073726.754860, 1508073726.764636, 1508073726.776034, 1508073728.378769, 1508073729.116167, 1508073729.117707, 0.379333, 25
43, 1508073726.756971, 1508073726.766788, 1508073726.777923, 1508073728.380891, 1508073729.066387, 1508073729.119827, 0.460371, 25
19, 1508073726.754862, 1508073726.764637, 1508073726.775529, 1508073728.378767, 1508073729.115827, 1508073729.117719, 0.372017, 25
47, 1508073726.756979, 1508073726.766793, 1508073726.777902, 1508073728.380892, 1508073729.066386, 1508073729.119852, 0.200573, 25
20, 1508073726.754860, 1508073726.764638, 1508073726.775377, 1508073728.378769, 1508073729.116119, 1508073729.117836, 0.376610, 25
7, 1508073726.755150, 1508073726.764914, 1508073726.776268, 1508073728.379061, 1508073728.520871, 1508073729.118187, 0.378568, 25
33, 1508073726.756820, 1508073726.766622, 1508073726.777596, 1508073728.380732, 1508073729.117616, 1508073729.119812, 0.393183, 25
36, 1508073726.756980, 1508073726.766781, 1508073726.777847, 1508073728.380884, 1508073729.066402, 1508073729.120050, 0.340790, 25
17, 1508073726.754865, 1508073726.764635, 1508073726.775544, 1508073728.378767, 1508073729.115264, 1508073729.117877, 0.378845, 25
14, 1508073726.754860, 1508073726.764631, 1508073726.775746, 1508073728.378770, 1508073728.798836, 1508073729.117891, 0.380363, 25
22, 1508073726.754866, 1508073726.764641, 1508073726.775988, 1508073728.378770, 1508073728.519502, 1508073729.117911, 0.371270, 25
12, 1508073726.754861, 1508073726.764629, 1508073726.775714, 1508073728.378769, 1508073729.115891, 1508073729.117985, 0.367411, 25
9, 1508073726.755150, 1508073726.764917, 1508073726.776194, 1508073728.379059, 1508073728.519073, 1508073729.118212, 0.380795, 25
3, 1508073726.755150, 1508073726.764909, 1508073726.776044, 1508073728.379059, 1508073729.076489, 1508073729.118289, 0.378943, 25
10, 1508073726.755139, 1508073726.764918, 1508073726.776251, 1508073728.379060, 1508073729.076207, 1508073729.118299, 0.381858, 25
1, 1508073726.755155, 1508073726.764907, 1508073726.776161, 1508073728.379059, 1508073729.076110, 1508073729.118335, 0.366773, 25
5, 1508073726.755150, 1508073726.764912, 1508073726.776227, 1508073728.379060, 1508073729.076475, 1508073729.118485, 0.364320, 25
35, 1508073726.756820, 1508073726.766624, 1508073726.777594, 1508073728.380733, 1508073729.118182, 1508073729.120173, 0.370189, 25
23, 1508073726.754865, 1508073726.764642, 1508073726.775558, 1508073728.378768, 1508073729.115926, 1508073729.118240, 0.349471, 25
11, 1508073726.755150, 1508073726.764919, 1508073726.776248, 1508073728.379059, 1508073729.074369, 1508073729.118616, 0.354064, 25
24, 1508073726.756829, 1508073726.766611, 1508073726.777720, 1508073728.380732, 1508073728.554158, 1508073729.120203, 0.345979, 25

real	0m3.258s
user	0m0.021s
sys	0m0.078s
