N 1, n 1
0, 1508063398.319917, 1508063398.322050, 1508063398.323787, 1508063398.340496, 1508063398.343391, 1508063398.343674, 0.000000, 1

real	0m0.116s
user	0m0.009s
sys	0m0.009s
N 1, n 2
1, 1508063398.452656, 1508063398.454409, 1508063398.454646, 1508063398.464653, 1508063398.468048, 1508063398.468197, 0.000207, 2
0, 1508063398.452667, 1508063398.454407, 1508063398.454632, 1508063398.464653, 1508063398.466516, 1508063398.468306, 0.000272, 2

real	0m0.216s
user	0m0.011s
sys	0m0.009s
N 1, n 4
0, 1508063398.689813, 1508063398.692717, 1508063398.692899, 1508063398.697904, 1508063398.700921, 1508063398.701054, 0.000183, 3
1, 1508063398.690135, 1508063398.692717, 1508063398.692910, 1508063398.697904, 1508063398.700885, 1508063398.701066, 0.000420, 3
3, 1508063398.690135, 1508063398.692723, 1508063398.692906, 1508063398.697904, 1508063398.700004, 1508063398.701048, 0.000301, 3
2, 1508063398.689792, 1508063398.692718, 1508063398.692891, 1508063398.697904, 1508063398.699595, 1508063398.701198, 0.000256, 3

real	0m0.225s
user	0m0.010s
sys	0m0.012s
N 1, n 8
0, 1508063398.976845, 1508063398.978950, 1508063398.979143, 1508063398.982270, 1508063398.983680, 1508063398.985917, 0.000269, 5
1, 1508063398.976738, 1508063398.978952, 1508063398.979126, 1508063398.982270, 1508063398.983392, 1508063398.985936, 0.000446, 5
2, 1508063398.976835, 1508063398.978953, 1508063398.979135, 1508063398.982270, 1508063398.985264, 1508063398.985925, 0.000539, 5
3, 1508063398.976738, 1508063398.978954, 1508063398.979139, 1508063398.982270, 1508063398.985777, 1508063398.985933, 0.000541, 5
4, 1508063398.976834, 1508063398.978955, 1508063398.979126, 1508063398.982271, 1508063398.984449, 1508063398.985924, 0.000461, 5
5, 1508063398.976738, 1508063398.978957, 1508063398.979138, 1508063398.982271, 1508063398.985521, 1508063398.985917, 0.000558, 5
6, 1508063398.976834, 1508063398.978958, 1508063398.979117, 1508063398.982271, 1508063398.984772, 1508063398.985915, 0.000457, 5
7, 1508063398.976738, 1508063398.978959, 1508063398.979159, 1508063398.982270, 1508063398.985754, 1508063398.986042, 0.000264, 5

real	0m0.279s
user	0m0.009s
sys	0m0.019s
N 4, n 16
4, 1508063399.397914, 1508063399.401801, 1508063399.402349, 1508063399.404272, 1508063399.406724, 1508063399.407493, 0.000381, 9
0, 1508063399.395377, 1508063399.399222, 1508063399.399366, 1508063399.401701, 1508063399.402570, 1508063399.404920, 0.000146, 9
8, 1508063399.393197, 1508063399.397106, 1508063399.397618, 1508063399.399571, 1508063399.401603, 1508063399.402797, 0.000515, 9
12, 1508063399.397029, 1508063399.400779, 1508063399.401471, 1508063399.403238, 1508063399.404996, 1508063399.406459, 0.000367, 9
9, 1508063399.392711, 1508063399.397108, 1508063399.397631, 1508063399.399571, 1508063399.402357, 1508063399.402796, 0.000269, 9
5, 1508063399.397419, 1508063399.401802, 1508063399.402298, 1508063399.404273, 1508063399.406568, 1508063399.407499, 0.000321, 9
10, 1508063399.392912, 1508063399.397109, 1508063399.397620, 1508063399.399571, 1508063399.402526, 1508063399.402790, 0.000430, 9
6, 1508063399.397620, 1508063399.401803, 1508063399.402350, 1508063399.404272, 1508063399.405876, 1508063399.407491, 0.000289, 9
13, 1508063399.396404, 1508063399.400780, 1508063399.401473, 1508063399.403238, 1508063399.405578, 1508063399.406462, 0.000296, 9
14, 1508063399.396623, 1508063399.400781, 1508063399.401510, 1508063399.403238, 1508063399.404743, 1508063399.406452, 0.000315, 9
15, 1508063399.396404, 1508063399.400782, 1508063399.401466, 1508063399.403238, 1508063399.405600, 1508063399.406591, 0.000158, 9
1, 1508063399.394848, 1508063399.399224, 1508063399.399373, 1508063399.401702, 1508063399.403661, 1508063399.404930, 0.000302, 9
7, 1508063399.397419, 1508063399.401804, 1508063399.402358, 1508063399.404272, 1508063399.406602, 1508063399.407653, 0.000429, 9
2, 1508063399.395077, 1508063399.399225, 1508063399.399357, 1508063399.401701, 1508063399.402947, 1508063399.404919, 0.000287, 9
11, 1508063399.392711, 1508063399.397110, 1508063399.397630, 1508063399.399571, 1508063399.402410, 1508063399.403002, 0.000422, 9
3, 1508063399.394848, 1508063399.399227, 1508063399.399376, 1508063399.401702, 1508063399.403298, 1508063399.405119, 0.000592, 9

real	0m0.436s
user	0m0.020s
sys	0m0.038s
N 4, n 24
12, 1508063399.909507, 1508063399.914345, 1508063399.914498, 1508063399.915978, 1508063399.918005, 1508063399.919537, 0.000399, 13
0, 1508063399.911661, 1508063399.916457, 1508063399.916607, 1508063399.918109, 1508063399.918939, 1508063399.921670, 0.000196, 13
6, 1508063399.914184, 1508063399.919037, 1508063399.919187, 1508063399.920680, 1508063399.921511, 1508063399.924240, 0.000430, 13
18, 1508063399.913144, 1508063399.918020, 1508063399.918147, 1508063399.919643, 1508063399.920832, 1508063399.923205, 0.000327, 13
8, 1508063399.914184, 1508063399.919039, 1508063399.919180, 1508063399.920680, 1508063399.922197, 1508063399.924245, 0.000382, 13
20, 1508063399.913141, 1508063399.918022, 1508063399.918147, 1508063399.919644, 1508063399.921234, 1508063399.923214, 0.000302, 13
13, 1508063399.909524, 1508063399.914346, 1508063399.914493, 1508063399.915977, 1508063399.918567, 1508063399.919550, 0.000329, 13
2, 1508063399.911649, 1508063399.916460, 1508063399.916614, 1508063399.918111, 1508063399.919679, 1508063399.921678, 0.000369, 13
10, 1508063399.914184, 1508063399.919042, 1508063399.919176, 1508063399.920682, 1508063399.922834, 1508063399.924241, 0.000382, 13
21, 1508063399.913159, 1508063399.918023, 1508063399.918161, 1508063399.919646, 1508063399.921420, 1508063399.923209, 0.000329, 13
14, 1508063399.909506, 1508063399.914347, 1508063399.914500, 1508063399.915979, 1508063399.917427, 1508063399.919542, 0.000310, 13
3, 1508063399.911657, 1508063399.916461, 1508063399.916611, 1508063399.918110, 1508063399.920760, 1508063399.921674, 0.000309, 13
7, 1508063399.914186, 1508063399.919038, 1508063399.919185, 1508063399.920679, 1508063399.921758, 1508063399.924258, 0.000400, 13
22, 1508063399.913141, 1508063399.918024, 1508063399.918149, 1508063399.919644, 1508063399.921133, 1508063399.923207, 0.000335, 13
15, 1508063399.909523, 1508063399.914348, 1508063399.914492, 1508063399.915979, 1508063399.918278, 1508063399.919540, 0.000302, 13
4, 1508063399.911650, 1508063399.916462, 1508063399.916625, 1508063399.918108, 1508063399.921227, 1508063399.921672, 0.000345, 13
9, 1508063399.914186, 1508063399.919041, 1508063399.919179, 1508063399.920679, 1508063399.923271, 1508063399.924255, 0.000362, 13
23, 1508063399.913159, 1508063399.918025, 1508063399.918172, 1508063399.919645, 1508063399.920766, 1508063399.923214, 0.000171, 13
16, 1508063399.909506, 1508063399.914349, 1508063399.914498, 1508063399.915977, 1508063399.918595, 1508063399.919546, 0.000289, 13
5, 1508063399.911655, 1508063399.916463, 1508063399.916627, 1508063399.918108, 1508063399.921309, 1508063399.921677, 0.000402, 13
19, 1508063399.913159, 1508063399.918021, 1508063399.918161, 1508063399.919644, 1508063399.920896, 1508063399.923326, 0.000324, 13
17, 1508063399.909523, 1508063399.914350, 1508063399.914494, 1508063399.915980, 1508063399.917750, 1508063399.919662, 0.000396, 13
1, 1508063399.911655, 1508063399.916459, 1508063399.916622, 1508063399.918108, 1508063399.920706, 1508063399.921880, 0.000341, 13
11, 1508063399.914186, 1508063399.919043, 1508063399.919191, 1508063399.920681, 1508063399.922869, 1508063399.924448, 0.000468, 13

real	0m0.528s
user	0m0.019s
sys	0m0.049s
N 4, n 32
16, 1508063400.533343, 1508063400.537987, 1508063400.538131, 1508063400.539515, 1508063400.540922, 1508063400.542715, 0.000496, 17
24, 1508063400.537000, 1508063400.541663, 1508063400.541790, 1508063400.543180, 1508063400.546186, 1508063400.546377, 0.000448, 17
8, 1508063400.538048, 1508063400.542677, 1508063400.542837, 1508063400.544217, 1508063400.545139, 1508063400.547412, 0.000546, 17
0, 1508063400.535493, 1508063400.540093, 1508063400.540254, 1508063400.541648, 1508063400.544149, 1508063400.544847, 0.000228, 17
17, 1508063400.533343, 1508063400.537988, 1508063400.538127, 1508063400.539516, 1508063400.540587, 1508063400.542712, 0.000442, 17
25, 1508063400.537000, 1508063400.541664, 1508063400.541795, 1508063400.543180, 1508063400.544929, 1508063400.546379, 0.000383, 17
18, 1508063400.533343, 1508063400.537989, 1508063400.538116, 1508063400.539515, 1508063400.542016, 1508063400.542721, 0.000450, 17
26, 1508063400.537000, 1508063400.541665, 1508063400.541801, 1508063400.543179, 1508063400.545155, 1508063400.546377, 0.000349, 17
9, 1508063400.538060, 1508063400.542678, 1508063400.542846, 1508063400.544216, 1508063400.546025, 1508063400.547419, 0.000381, 17
1, 1508063400.535475, 1508063400.540096, 1508063400.540265, 1508063400.541646, 1508063400.542537, 1508063400.544859, 0.000408, 17
19, 1508063400.533481, 1508063400.537990, 1508063400.538118, 1508063400.539515, 1508063400.541523, 1508063400.542712, 0.000367, 17
27, 1508063400.537000, 1508063400.541667, 1508063400.541794, 1508063400.543179, 1508063400.544774, 1508063400.546380, 0.000387, 17
11, 1508063400.538060, 1508063400.542681, 1508063400.542843, 1508063400.544216, 1508063400.546600, 1508063400.547439, 0.000363, 17
2, 1508063400.535474, 1508063400.540097, 1508063400.540263, 1508063400.541647, 1508063400.543115, 1508063400.544863, 0.000382, 17
21, 1508063400.533343, 1508063400.537993, 1508063400.538137, 1508063400.539515, 1508063400.542183, 1508063400.542728, 0.000384, 17
28, 1508063400.537000, 1508063400.541668, 1508063400.541793, 1508063400.543180, 1508063400.546256, 1508063400.546402, 0.000373, 17
12, 1508063400.538047, 1508063400.542682, 1508063400.542819, 1508063400.544217, 1508063400.546007, 1508063400.547412, 0.000394, 17
3, 1508063400.536093, 1508063400.540099, 1508063400.540248, 1508063400.541646, 1508063400.544386, 1508063400.544877, 0.000405, 17
22, 1508063400.533343, 1508063400.537994, 1508063400.538124, 1508063400.539515, 1508063400.540301, 1508063400.542731, 0.000382, 17
30, 1508063400.537000, 1508063400.541670, 1508063400.541789, 1508063400.543179, 1508063400.544573, 1508063400.546405, 0.000364, 17
13, 1508063400.538060, 1508063400.542683, 1508063400.542844, 1508063400.544216, 1508063400.546427, 1508063400.547415, 0.000370, 17
4, 1508063400.535474, 1508063400.540099, 1508063400.540268, 1508063400.541647, 1508063400.544158, 1508063400.544847, 0.000402, 17
23, 1508063400.533343, 1508063400.537995, 1508063400.538128, 1508063400.539515, 1508063400.542173, 1508063400.542718, 0.000475, 17
31, 1508063400.537000, 1508063400.541670, 1508063400.541794, 1508063400.543180, 1508063400.546158, 1508063400.546381, 0.000198, 17
14, 1508063400.538047, 1508063400.542684, 1508063400.542835, 1508063400.544217, 1508063400.545294, 1508063400.547445, 0.000394, 17
5, 1508063400.535475, 1508063400.540101, 1508063400.540259, 1508063400.541647, 1508063400.542726, 1508063400.544853, 0.000393, 17
29, 1508063400.537000, 1508063400.541669, 1508063400.541796, 1508063400.543180, 1508063400.544703, 1508063400.546547, 0.000364, 17
15, 1508063400.538062, 1508063400.542685, 1508063400.542843, 1508063400.544216, 1508063400.546265, 1508063400.547419, 0.000534, 17
6, 1508063400.535475, 1508063400.540101, 1508063400.540255, 1508063400.541647, 1508063400.543857, 1508063400.544861, 0.000417, 17
10, 1508063400.538049, 1508063400.542680, 1508063400.542832, 1508063400.544217, 1508063400.546347, 1508063400.547563, 0.000416, 17
7, 1508063400.535475, 1508063400.540103, 1508063400.540260, 1508063400.541647, 1508063400.543971, 1508063400.544996, 0.000474, 17
20, 1508063400.533343, 1508063400.537991, 1508063400.538136, 1508063400.539515, 1508063400.541770, 1508063400.542962, 0.000417, 17

real	0m0.642s
user	0m0.020s
sys	0m0.052s
N 4, n 40
30, 1508063401.289678, 1508063401.295058, 1508063401.295753, 1508063401.297154, 1508063401.300959, 1508063401.301912, 0.000481, 21
10, 1508063401.290707, 1508063401.296067, 1508063401.296809, 1508063401.298190, 1508063401.299704, 1508063401.302946, 0.000507, 21
0, 1508063401.288173, 1508063401.293482, 1508063401.294221, 1508063401.295620, 1508063401.296536, 1508063401.300385, 0.000193, 21
20, 1508063401.286020, 1508063401.291378, 1508063401.292087, 1508063401.293488, 1508063401.295017, 1508063401.298243, 0.000539, 21
11, 1508063401.290715, 1508063401.296068, 1508063401.296788, 1508063401.298190, 1508063401.301094, 1508063401.302974, 0.000446, 21
12, 1508063401.290722, 1508063401.296069, 1508063401.296812, 1508063401.298191, 1508063401.300877, 1508063401.302946, 0.000432, 21
32, 1508063401.289667, 1508063401.295060, 1508063401.295752, 1508063401.297153, 1508063401.301479, 1508063401.301917, 0.000401, 21
1, 1508063401.288162, 1508063401.293483, 1508063401.294231, 1508063401.295619, 1508063401.297693, 1508063401.300381, 0.000470, 21
13, 1508063401.290719, 1508063401.296070, 1508063401.296815, 1508063401.298190, 1508063401.300562, 1508063401.302954, 0.000404, 21
33, 1508063401.289674, 1508063401.295061, 1508063401.295769, 1508063401.297155, 1508063401.301745, 1508063401.301912, 0.000437, 21
2, 1508063401.288161, 1508063401.293485, 1508063401.294221, 1508063401.295621, 1508063401.298402, 1508063401.300404, 0.000415, 21
14, 1508063401.290717, 1508063401.296071, 1508063401.296809, 1508063401.298191, 1508063401.301279, 1508063401.302964, 0.000434, 21
34, 1508063401.289671, 1508063401.295063, 1508063401.295775, 1508063401.297156, 1508063401.298027, 1508063401.301913, 0.000370, 21
4, 1508063401.288157, 1508063401.293487, 1508063401.294234, 1508063401.295622, 1508063401.297142, 1508063401.300415, 0.000415, 21
16, 1508063401.290707, 1508063401.296074, 1508063401.296821, 1508063401.298191, 1508063401.299614, 1508063401.302950, 0.000406, 21
35, 1508063401.289674, 1508063401.295063, 1508063401.295773, 1508063401.297156, 1508063401.301218, 1508063401.301930, 0.000416, 21
5, 1508063401.288159, 1508063401.293488, 1508063401.294237, 1508063401.295621, 1508063401.298611, 1508063401.300386, 0.000408, 21
17, 1508063401.290719, 1508063401.296075, 1508063401.296824, 1508063401.298192, 1508063401.300301, 1508063401.302952, 0.000364, 21
36, 1508063401.289667, 1508063401.295065, 1508063401.295761, 1508063401.297153, 1508063401.300421, 1508063401.301917, 0.000442, 21
6, 1508063401.288157, 1508063401.293490, 1508063401.294224, 1508063401.295622, 1508063401.298206, 1508063401.300409, 0.000427, 21
18, 1508063401.290714, 1508063401.296076, 1508063401.296818, 1508063401.298193, 1508063401.299318, 1508063401.302961, 0.000358, 21
37, 1508063401.289674, 1508063401.295066, 1508063401.295747, 1508063401.297154, 1508063401.300196, 1508063401.301930, 0.000438, 21
7, 1508063401.288160, 1508063401.293490, 1508063401.294215, 1508063401.295621, 1508063401.297679, 1508063401.300414, 0.000386, 21
21, 1508063401.286020, 1508063401.291379, 1508063401.292099, 1508063401.293488, 1508063401.294632, 1508063401.298250, 0.000418, 21
19, 1508063401.290715, 1508063401.296078, 1508063401.296825, 1508063401.298192, 1508063401.300076, 1508063401.302967, 0.000473, 21
39, 1508063401.289674, 1508063401.295068, 1508063401.295776, 1508063401.297155, 1508063401.301752, 1508063401.301924, 0.000231, 21
8, 1508063401.288157, 1508063401.293492, 1508063401.294242, 1508063401.295619, 1508063401.296762, 1508063401.300385, 0.000398, 21
22, 1508063401.286018, 1508063401.291380, 1508063401.292102, 1508063401.293489, 1508063401.296214, 1508063401.298254, 0.000410, 21
15, 1508063401.290715, 1508063401.296073, 1508063401.296798, 1508063401.298190, 1508063401.301023, 1508063401.303083, 0.000412, 21
31, 1508063401.289680, 1508063401.295059, 1508063401.295762, 1508063401.297154, 1508063401.301505, 1508063401.301922, 0.000435, 21
9, 1508063401.288157, 1508063401.293492, 1508063401.294244, 1508063401.295619, 1508063401.297378, 1508063401.300386, 0.000530, 21
24, 1508063401.286016, 1508063401.291383, 1508063401.292097, 1508063401.293488, 1508063401.294860, 1508063401.298267, 0.000441, 21
38, 1508063401.289673, 1508063401.295068, 1508063401.295772, 1508063401.297155, 1508063401.300668, 1508063401.302253, 0.000396, 21
3, 1508063401.288160, 1508063401.293486, 1508063401.294235, 1508063401.295620, 1508063401.297935, 1508063401.300558, 0.000436, 21
26, 1508063401.286016, 1508063401.291385, 1508063401.292094, 1508063401.293490, 1508063401.296494, 1508063401.298246, 0.000414, 21
28, 1508063401.286021, 1508063401.291388, 1508063401.292089, 1508063401.293487, 1508063401.296037, 1508063401.298248, 0.000435, 21
29, 1508063401.286016, 1508063401.291389, 1508063401.292099, 1508063401.293488, 1508063401.295258, 1508063401.298264, 0.000496, 21
23, 1508063401.286018, 1508063401.291381, 1508063401.292105, 1508063401.293489, 1508063401.295650, 1508063401.298279, 0.000428, 21
25, 1508063401.286020, 1508063401.291384, 1508063401.292093, 1508063401.293489, 1508063401.295710, 1508063401.298299, 0.000437, 21
27, 1508063401.286017, 1508063401.291386, 1508063401.292095, 1508063401.293490, 1508063401.296227, 1508063401.298664, 0.000421, 21

real	0m0.775s
user	0m0.026s
sys	0m0.069s
N 4, n 48
36, 1508063402.171244, 1508063402.176440, 1508063402.176886, 1508063402.178824, 1508063402.182861, 1508063402.183262, 0.000552, 25
12, 1508063402.172047, 1508063402.177446, 1508063402.178066, 1508063402.179862, 1508063402.181572, 1508063402.184310, 0.000609, 25
24, 1508063402.167332, 1508063402.172759, 1508063402.173381, 1508063402.175158, 1508063402.177076, 1508063402.179600, 0.000602, 25
0, 1508063402.169480, 1508063402.174853, 1508063402.175350, 1508063402.177290, 1508063402.180470, 1508063402.181746, 0.000257, 25
38, 1508063402.171005, 1508063402.176443, 1508063402.176612, 1508063402.178824, 1508063402.181835, 1508063402.183266, 0.000721, 25
13, 1508063402.172046, 1508063402.177447, 1508063402.177646, 1508063402.179861, 1508063402.181349, 1508063402.184311, 0.001177, 25
1, 1508063402.169460, 1508063402.174857, 1508063402.175076, 1508063402.177289, 1508063402.179423, 1508063402.181746, 0.000726, 25
26, 1508063402.167035, 1508063402.172761, 1508063402.172942, 1508063402.175158, 1508063402.176539, 1508063402.179600, 0.000926, 25
43, 1508063402.170718, 1508063402.176448, 1508063402.176609, 1508063402.178821, 1508063402.182156, 1508063402.183269, 0.000887, 25
14, 1508063402.171737, 1508063402.177448, 1508063402.177618, 1508063402.179861, 1508063402.183091, 1508063402.184321, 0.001210, 25
4, 1508063402.169477, 1508063402.174862, 1508063402.175360, 1508063402.177290, 1508063402.179222, 1508063402.181740, 0.000427, 25
29, 1508063402.167489, 1508063402.172765, 1508063402.172949, 1508063402.175158, 1508063402.178707, 1508063402.179612, 0.000876, 25
45, 1508063402.170722, 1508063402.176450, 1508063402.176614, 1508063402.178822, 1508063402.183031, 1508063402.183267, 0.000878, 25
18, 1508063402.171738, 1508063402.177452, 1508063402.177628, 1508063402.179859, 1508063402.182466, 1508063402.184322, 0.000788, 25
5, 1508063402.169475, 1508063402.174864, 1508063402.175078, 1508063402.177290, 1508063402.181000, 1508063402.181759, 0.000725, 25
30, 1508063402.167038, 1508063402.172765, 1508063402.172935, 1508063402.175158, 1508063402.177520, 1508063402.179606, 0.000896, 25
46, 1508063402.171153, 1508063402.176452, 1508063402.176594, 1508063402.178823, 1508063402.180310, 1508063402.183269, 0.000909, 25
20, 1508063402.172046, 1508063402.177455, 1508063402.177929, 1508063402.179860, 1508063402.182247, 1508063402.184322, 0.000489, 25
6, 1508063402.169184, 1508063402.174865, 1508063402.175072, 1508063402.177290, 1508063402.180165, 1508063402.181752, 0.000739, 25
34, 1508063402.167340, 1508063402.172771, 1508063402.172947, 1508063402.175158, 1508063402.176974, 1508063402.179602, 0.000664, 25
37, 1508063402.170718, 1508063402.176441, 1508063402.176616, 1508063402.178823, 1508063402.182392, 1508063402.183293, 0.000707, 25
7, 1508063402.169184, 1508063402.174867, 1508063402.175084, 1508063402.177289, 1508063402.178750, 1508063402.181741, 0.000857, 25
35, 1508063402.167038, 1508063402.172772, 1508063402.172946, 1508063402.175158, 1508063402.178093, 1508063402.179609, 0.000804, 25
39, 1508063402.170718, 1508063402.176443, 1508063402.176601, 1508063402.178823, 1508063402.182650, 1508063402.183362, 0.000924, 25
8, 1508063402.169704, 1508063402.174867, 1508063402.175514, 1508063402.177291, 1508063402.180105, 1508063402.181750, 0.000498, 25
25, 1508063402.167329, 1508063402.172760, 1508063402.172953, 1508063402.175157, 1508063402.177826, 1508063402.179620, 0.000916, 25
42, 1508063402.171006, 1508063402.176447, 1508063402.176616, 1508063402.178822, 1508063402.180556, 1508063402.183320, 0.000869, 25
9, 1508063402.169704, 1508063402.174869, 1508063402.175083, 1508063402.177290, 1508063402.180334, 1508063402.181759, 0.000850, 25
27, 1508063402.167040, 1508063402.172762, 1508063402.172949, 1508063402.175157, 1508063402.177472, 1508063402.179623, 0.000889, 25
44, 1508063402.171001, 1508063402.176449, 1508063402.177030, 1508063402.178822, 1508063402.180857, 1508063402.183290, 0.000479, 25
41, 1508063402.170718, 1508063402.176446, 1508063402.176609, 1508063402.178821, 1508063402.182028, 1508063402.183403, 0.000920, 25
21, 1508063402.172047, 1508063402.177456, 1508063402.177645, 1508063402.179859, 1508063402.182656, 1508063402.184310, 0.000711, 25
3, 1508063402.169184, 1508063402.174859, 1508063402.175076, 1508063402.177289, 1508063402.180677, 1508063402.181761, 0.000683, 25
28, 1508063402.167488, 1508063402.172763, 1508063402.173365, 1508063402.175158, 1508063402.178586, 1508063402.179616, 0.000495, 25
40, 1508063402.171001, 1508063402.176445, 1508063402.177044, 1508063402.178821, 1508063402.183121, 1508063402.183565, 0.000463, 25
23, 1508063402.171739, 1508063402.177458, 1508063402.177634, 1508063402.179859, 1508063402.181948, 1508063402.184312, 0.001057, 25
10, 1508063402.169183, 1508063402.174870, 1508063402.175071, 1508063402.177291, 1508063402.179772, 1508063402.181767, 0.000887, 25
32, 1508063402.167326, 1508063402.172768, 1508063402.173218, 1508063402.175158, 1508063402.177847, 1508063402.179617, 0.000478, 25
47, 1508063402.170718, 1508063402.176453, 1508063402.176589, 1508063402.178823, 1508063402.180585, 1508063402.183593, 0.000258, 25
15, 1508063402.171739, 1508063402.177449, 1508063402.177641, 1508063402.179861, 1508063402.181126, 1508063402.184339, 0.000753, 25
11, 1508063402.169184, 1508063402.174871, 1508063402.175076, 1508063402.177290, 1508063402.179269, 1508063402.181769, 0.000946, 25
33, 1508063402.167036, 1508063402.172769, 1508063402.172947, 1508063402.175158, 1508063402.178443, 1508063402.179619, 0.000644, 25
19, 1508063402.171739, 1508063402.177454, 1508063402.177641, 1508063402.179859, 1508063402.182841, 1508063402.184345, 0.000782, 25
2, 1508063402.169184, 1508063402.174857, 1508063402.175071, 1508063402.177290, 1508063402.178990, 1508063402.181924, 0.000709, 25
31, 1508063402.167037, 1508063402.172767, 1508063402.172953, 1508063402.175157, 1508063402.176960, 1508063402.179748, 0.000702, 25
22, 1508063402.171738, 1508063402.177457, 1508063402.177620, 1508063402.179860, 1508063402.183515, 1508063402.184342, 0.000735, 25
16, 1508063402.172032, 1508063402.177450, 1508063402.177926, 1508063402.179859, 1508063402.183758, 1508063402.184497, 0.000508, 25
17, 1508063402.172031, 1508063402.177451, 1508063402.177644, 1508063402.179859, 1508063402.183746, 1508063402.184333, 0.000758, 25

real	0m0.907s
user	0m0.031s
sys	0m0.072s
