N 1, n 1
0, 1508070831.812590, 1508070831.815231, 1508070831.816285, 1508070844.021731, 1508070844.024832, 1508070844.025398, 0.000000, 49950

real	0m12.309s
user	0m0.006s
sys	0m0.014s
N 1, n 2
0, 1508070844.133279, 1508070844.134875, 1508070844.135089, 1508070850.357018, 1508070850.358944, 1508070850.359994, 0.120587, 49950
1, 1508070844.133256, 1508070844.134875, 1508070844.135100, 1508070850.357018, 1508070850.359870, 1508070850.360093, 0.072001, 49950

real	0m6.425s
user	0m0.008s
sys	0m0.011s
N 1, n 4
0, 1508070850.593315, 1508070850.595222, 1508070850.595389, 1508070854.897775, 1508070854.899167, 1508070854.901354, 0.040226, 49950
1, 1508070850.593298, 1508070850.595225, 1508070850.595402, 1508070854.897775, 1508070854.900580, 1508070854.901357, 2.206386, 49950
2, 1508070850.593299, 1508070850.595222, 1508070850.595390, 1508070854.897775, 1508070854.900401, 1508070854.901360, 2.290168, 49950
3, 1508070850.593298, 1508070850.595223, 1508070850.595402, 1508070854.897775, 1508070854.901241, 1508070854.901544, 0.120877, 49950

real	0m4.532s
user	0m0.011s
sys	0m0.012s
N 1, n 8
0, 1508070855.176664, 1508070855.179259, 1508070855.179421, 1508070858.082690, 1508070858.085964, 1508070858.087009, 0.487336, 49950
1, 1508070855.176747, 1508070855.179264, 1508070855.179422, 1508070858.082690, 1508070858.084247, 1508070858.087017, 0.521061, 49950
2, 1508070855.176650, 1508070855.179265, 1508070855.179473, 1508070858.082690, 1508070858.086899, 1508070858.087038, 1.389307, 49950
3, 1508070855.176747, 1508070855.179267, 1508070855.179459, 1508070858.082690, 1508070858.085833, 1508070858.087035, 1.924659, 49950
4, 1508070855.176650, 1508070855.179268, 1508070855.179441, 1508070858.082690, 1508070858.086673, 1508070858.087010, 1.981827, 49950
5, 1508070855.176750, 1508070855.179269, 1508070855.179449, 1508070858.082690, 1508070858.084977, 1508070858.087032, 1.532235, 49950
6, 1508070855.176650, 1508070855.179270, 1508070855.179443, 1508070858.082690, 1508070858.086163, 1508070858.087016, 0.758442, 49950
7, 1508070855.176747, 1508070855.179271, 1508070855.179462, 1508070858.082690, 1508070858.084024, 1508070858.087152, 0.730880, 49950

real	0m3.180s
user	0m0.014s
sys	0m0.014s
N 4, n 16
0, 1508070858.511820, 1508070858.517024, 1508070858.517160, 1508070861.012502, 1508070861.014046, 1508070861.016088, 0.450374, 49950
12, 1508070858.513307, 1508070858.518676, 1508070858.519412, 1508070861.014127, 1508070861.017457, 1508070861.017712, 1.325074, 49950
4, 1508070858.510395, 1508070858.515781, 1508070858.516365, 1508070861.011248, 1508070861.012859, 1508070861.014831, 1.019889, 49950
9, 1508070858.511727, 1508070858.517066, 1508070858.517625, 1508070861.012524, 1508070861.014067, 1508070861.016111, 1.593709, 49950
1, 1508070858.511754, 1508070858.517028, 1508070858.517173, 1508070861.012502, 1508070861.013475, 1508070861.016087, 0.286448, 49950
13, 1508070858.513359, 1508070858.518677, 1508070858.519123, 1508070861.014127, 1508070861.017399, 1508070861.017719, 1.159901, 49950
10, 1508070858.511786, 1508070858.517068, 1508070858.517635, 1508070861.012524, 1508070861.014857, 1508070861.016108, 1.519385, 49950
3, 1508070858.512309, 1508070858.517030, 1508070858.517173, 1508070861.012502, 1508070861.014687, 1508070861.016086, 0.641605, 49950
15, 1508070858.513359, 1508070858.518679, 1508070858.519401, 1508070861.014127, 1508070861.017285, 1508070861.017713, 1.461258, 49950
11, 1508070858.512035, 1508070858.517069, 1508070858.517498, 1508070861.012524, 1508070861.014929, 1508070861.016108, 1.391591, 49950
2, 1508070858.511801, 1508070858.517029, 1508070858.517159, 1508070861.012501, 1508070861.013805, 1508070861.016215, 0.400316, 49950
14, 1508070858.513307, 1508070858.518678, 1508070858.519414, 1508070861.014127, 1508070861.017352, 1508070861.017894, 1.148174, 49950
8, 1508070858.511788, 1508070858.517065, 1508070858.517631, 1508070861.012524, 1508070861.014904, 1508070861.016325, 1.621714, 49950
5, 1508070858.510446, 1508070858.515782, 1508070858.516375, 1508070861.011248, 1508070861.013996, 1508070861.014847, 1.229266, 49950
7, 1508070858.510446, 1508070858.515785, 1508070858.516165, 1508070861.011248, 1508070861.014359, 1508070861.014832, 1.517692, 49950
6, 1508070858.510395, 1508070858.515783, 1508070858.516370, 1508070861.011248, 1508070861.014158, 1508070861.015099, 1.403433, 49950

real	0m2.946s
user	0m0.015s
sys	0m0.043s
N 4, n 24
12, 1508070861.523511, 1508070861.527061, 1508070861.527233, 1508070862.954009, 1508070862.956553, 1508070862.957126, 0.202648, 49950
6, 1508070861.522200, 1508070861.525776, 1508070861.525934, 1508070862.952733, 1508070862.955417, 1508070862.955858, 0.269576, 49950
18, 1508070861.525095, 1508070861.528675, 1508070861.528814, 1508070862.955613, 1508070862.956520, 1508070862.958731, 0.305998, 49950
0, 1508070861.523469, 1508070861.527018, 1508070861.527167, 1508070862.953988, 1508070862.955269, 1508070862.957104, 0.166280, 49950
19, 1508070861.525090, 1508070861.528676, 1508070861.528805, 1508070862.955612, 1508070862.957009, 1508070862.958733, 0.258571, 49950
1, 1508070861.523457, 1508070861.527022, 1508070861.527186, 1508070862.953988, 1508070862.956052, 1508070862.957127, 0.260167, 49950
14, 1508070861.523510, 1508070861.527063, 1508070861.527223, 1508070862.954009, 1508070862.956436, 1508070862.957122, 0.107009, 49950
7, 1508070861.522200, 1508070861.525777, 1508070861.525931, 1508070862.952733, 1508070862.954709, 1508070862.955860, 0.168581, 49950
20, 1508070861.525095, 1508070861.528677, 1508070861.528818, 1508070862.955613, 1508070862.957707, 1508070862.958741, 0.278449, 49950
2, 1508070861.523460, 1508070861.527023, 1508070861.527170, 1508070862.953988, 1508070862.956859, 1508070862.957134, 0.204702, 49950
15, 1508070861.523510, 1508070861.527064, 1508070861.527231, 1508070862.954008, 1508070862.956995, 1508070862.957129, 0.146425, 49950
8, 1508070861.522200, 1508070861.525778, 1508070861.525934, 1508070862.952734, 1508070862.954421, 1508070862.955865, 0.203413, 49950
22, 1508070861.525095, 1508070861.528679, 1508070861.528817, 1508070862.955612, 1508070862.957632, 1508070862.958730, 0.435657, 49950
4, 1508070861.523460, 1508070861.527025, 1508070861.527175, 1508070862.953987, 1508070862.956069, 1508070862.957112, 0.260330, 49950
16, 1508070861.523510, 1508070861.527066, 1508070861.527234, 1508070862.954009, 1508070862.955054, 1508070862.957135, 0.228914, 49950
9, 1508070861.522201, 1508070861.525779, 1508070861.525936, 1508070862.952734, 1508070862.954730, 1508070862.955859, 0.151294, 49950
23, 1508070861.525091, 1508070861.528680, 1508070861.528815, 1508070862.955612, 1508070862.958145, 1508070862.958755, 0.624801, 49950
5, 1508070861.523457, 1508070861.527026, 1508070861.527188, 1508070862.953987, 1508070862.956082, 1508070862.957110, 0.187238, 49950
17, 1508070861.523510, 1508070861.527067, 1508070861.527237, 1508070862.954008, 1508070862.956716, 1508070862.957127, 0.210900, 49950
10, 1508070861.522200, 1508070861.525781, 1508070861.525938, 1508070862.952734, 1508070862.953919, 1508070862.955869, 0.139767, 49950
21, 1508070861.525090, 1508070861.528678, 1508070861.528810, 1508070862.955613, 1508070862.957292, 1508070862.958983, 0.267324, 49950
3, 1508070861.523462, 1508070861.527024, 1508070861.527186, 1508070862.953988, 1508070862.956564, 1508070862.957310, 0.135769, 49950
13, 1508070861.523510, 1508070861.527062, 1508070861.527224, 1508070862.954009, 1508070862.956042, 1508070862.957262, 0.194612, 49950
11, 1508070861.522200, 1508070861.525782, 1508070861.525935, 1508070862.952733, 1508070862.955444, 1508070862.956026, 0.129763, 49950

real	0m1.951s
user	0m0.020s
sys	0m0.044s
N 4, n 32
16, 1508070863.577831, 1508070863.587806, 1508070863.587960, 1508070864.759144, 1508070864.761725, 1508070864.762183, 0.154071, 49950
24, 1508070863.579449, 1508070863.589422, 1508070863.589560, 1508070864.760750, 1508070864.762407, 1508070864.763779, 0.150537, 49950
8, 1508070863.576571, 1508070863.586519, 1508070863.586684, 1508070864.757868, 1508070864.758777, 1508070864.760900, 0.231845, 49950
0, 1508070863.577864, 1508070863.587757, 1508070863.587913, 1508070864.759124, 1508070864.760371, 1508070864.762155, 0.135552, 49950
18, 1508070863.577831, 1508070863.587808, 1508070863.587961, 1508070864.759144, 1508070864.761460, 1508070864.762186, 0.112623, 49950
25, 1508070863.579449, 1508070863.589424, 1508070863.589574, 1508070864.760751, 1508070864.763127, 1508070864.763804, 0.166854, 49950
19, 1508070863.577837, 1508070863.587809, 1508070863.587976, 1508070864.759145, 1508070864.760603, 1508070864.762201, 0.151102, 49950
26, 1508070863.579449, 1508070863.589425, 1508070863.589555, 1508070864.760749, 1508070864.762161, 1508070864.763805, 0.132002, 49950
20, 1508070863.577831, 1508070863.587810, 1508070863.587941, 1508070864.759145, 1508070864.761794, 1508070864.762199, 0.113077, 49950
27, 1508070863.579449, 1508070863.589426, 1508070863.589566, 1508070864.760750, 1508070864.763182, 1508070864.763832, 0.163623, 49950
21, 1508070863.577838, 1508070863.587811, 1508070863.587958, 1508070864.759145, 1508070864.761116, 1508070864.762188, 0.180500, 49950
28, 1508070863.579449, 1508070863.589427, 1508070863.589561, 1508070864.760750, 1508070864.763018, 1508070864.763780, 0.150357, 49950
1, 1508070863.577850, 1508070863.587759, 1508070863.587963, 1508070864.759123, 1508070864.761860, 1508070864.762162, 0.230543, 49950
22, 1508070863.577836, 1508070863.587812, 1508070863.587941, 1508070864.759144, 1508070864.760157, 1508070864.762195, 0.119782, 49950
29, 1508070863.579449, 1508070863.589428, 1508070863.589568, 1508070864.760751, 1508070864.762485, 1508070864.763784, 0.170137, 49950
2, 1508070863.577847, 1508070863.587760, 1508070863.587945, 1508070864.759123, 1508070864.760602, 1508070864.762167, 0.164940, 49950
23, 1508070863.577837, 1508070863.587814, 1508070863.587955, 1508070864.759145, 1508070864.760717, 1508070864.762190, 0.246749, 49950
31, 1508070863.579450, 1508070863.589430, 1508070863.589553, 1508070864.760750, 1508070864.762683, 1508070864.763785, 0.132187, 49950
3, 1508070863.577850, 1508070863.587761, 1508070863.587951, 1508070864.759123, 1508070864.761877, 1508070864.762157, 0.157524, 49950
17, 1508070863.577837, 1508070863.587807, 1508070863.587963, 1508070864.759145, 1508070864.760861, 1508070864.762291, 0.127670, 49950
30, 1508070863.579448, 1508070863.589430, 1508070863.589556, 1508070864.760750, 1508070864.761954, 1508070864.764008, 0.229074, 49950
9, 1508070863.576597, 1508070863.586521, 1508070863.586682, 1508070864.757869, 1508070864.759348, 1508070864.760903, 0.116620, 49950
4, 1508070863.577847, 1508070863.587762, 1508070863.587940, 1508070864.759123, 1508070864.762028, 1508070864.762152, 0.166527, 49950
10, 1508070863.576571, 1508070863.586522, 1508070863.586685, 1508070864.757869, 1508070864.759739, 1508070864.760901, 0.181311, 49950
5, 1508070863.577851, 1508070863.587764, 1508070863.587918, 1508070864.759123, 1508070864.761663, 1508070864.762185, 0.122812, 49950
11, 1508070863.576590, 1508070863.586523, 1508070863.586682, 1508070864.757868, 1508070864.759953, 1508070864.760938, 0.108321, 49950
6, 1508070863.577849, 1508070863.587766, 1508070863.587927, 1508070864.759124, 1508070864.761620, 1508070864.762157, 0.174554, 49950
12, 1508070863.576571, 1508070863.586524, 1508070863.586673, 1508070864.757868, 1508070864.760222, 1508070864.760934, 0.146479, 49950
7, 1508070863.577850, 1508070863.587769, 1508070863.587958, 1508070864.759123, 1508070864.761809, 1508070864.762271, 0.159821, 49950
13, 1508070863.576590, 1508070863.586525, 1508070863.586681, 1508070864.757869, 1508070864.759753, 1508070864.760906, 0.111757, 49950
14, 1508070863.576571, 1508070863.586526, 1508070863.586684, 1508070864.757868, 1508070864.760052, 1508070864.760943, 0.134438, 49950
15, 1508070863.576590, 1508070863.586527, 1508070863.586675, 1508070864.757868, 1508070864.759176, 1508070864.761136, 0.148100, 49950

real	0m1.823s
user	0m0.017s
sys	0m0.060s
N 4, n 40
10, 1508070865.511624, 1508070865.516825, 1508070865.517490, 1508070868.255777, 1508070868.259123, 1508070868.259438, 0.748320, 49950
0, 1508070865.512630, 1508070865.518064, 1508070865.518731, 1508070868.257033, 1508070868.258435, 1508070868.260695, 0.172477, 49950
30, 1508070865.514246, 1508070865.519739, 1508070865.520346, 1508070868.258654, 1508070868.260670, 1508070868.262328, 1.889883, 49950
20, 1508070865.512637, 1508070865.518118, 1508070865.518751, 1508070868.257049, 1508070868.258691, 1508070868.260720, 1.509008, 49950
11, 1508070865.511625, 1508070865.516826, 1508070865.517468, 1508070868.255777, 1508070868.258796, 1508070868.259463, 0.827738, 49950
1, 1508070865.512621, 1508070865.518068, 1508070865.518727, 1508070868.257032, 1508070868.259234, 1508070868.260701, 0.163071, 49950
34, 1508070865.514244, 1508070865.519744, 1508070865.520350, 1508070868.258655, 1508070868.261867, 1508070868.262334, 1.902685, 49950
12, 1508070865.511362, 1508070865.516827, 1508070865.517459, 1508070868.255776, 1508070868.257072, 1508070868.259448, 0.943788, 49950
22, 1508070865.512635, 1508070865.518121, 1508070865.518738, 1508070868.257049, 1508070868.259987, 1508070868.260733, 1.591408, 49950
2, 1508070865.512874, 1508070865.518069, 1508070865.518742, 1508070868.257033, 1508070868.259075, 1508070868.260723, 0.139037, 49950
35, 1508070865.514507, 1508070865.519745, 1508070865.520360, 1508070868.258655, 1508070868.260665, 1508070868.262334, 1.929464, 49950
13, 1508070865.511366, 1508070865.516828, 1508070865.517469, 1508070868.255776, 1508070868.259272, 1508070868.259462, 1.034601, 49950
23, 1508070865.512904, 1508070865.518123, 1508070865.518746, 1508070868.257048, 1508070868.259960, 1508070868.260739, 1.622745, 49950
3, 1508070865.512873, 1508070865.518069, 1508070865.518716, 1508070868.257032, 1508070868.259926, 1508070868.260721, 0.197284, 49950
39, 1508070865.514507, 1508070865.519749, 1508070865.520347, 1508070868.258654, 1508070868.260458, 1508070868.262334, 2.320698, 49950
14, 1508070865.511870, 1508070865.516829, 1508070865.517477, 1508070868.255776, 1508070868.258546, 1508070868.259452, 1.083717, 49950
24, 1508070865.512635, 1508070865.518124, 1508070865.518738, 1508070868.257049, 1508070868.260431, 1508070868.260717, 1.627780, 49950
4, 1508070865.512611, 1508070865.518071, 1508070865.518709, 1508070868.257032, 1508070868.258222, 1508070868.260694, 0.226656, 49950
31, 1508070865.514746, 1508070865.519741, 1508070865.520365, 1508070868.258654, 1508070868.261675, 1508070868.262364, 1.878507, 49950
16, 1508070865.511362, 1508070865.516832, 1508070865.517456, 1508070868.255776, 1508070868.257418, 1508070868.259445, 1.222025, 49950
25, 1508070865.512904, 1508070865.518125, 1508070865.518753, 1508070868.257049, 1508070868.259036, 1508070868.260736, 1.650673, 49950
5, 1508070865.512621, 1508070865.518072, 1508070865.518718, 1508070868.257032, 1508070868.259280, 1508070868.260702, 0.306882, 49950
32, 1508070865.514244, 1508070865.519742, 1508070865.520338, 1508070868.258655, 1508070868.262081, 1508070868.262348, 1.860491, 49950
17, 1508070865.511621, 1508070865.516833, 1508070865.517471, 1508070868.255776, 1508070868.258043, 1508070868.259441, 1.277577, 49950
26, 1508070865.512635, 1508070865.518126, 1508070865.518741, 1508070868.257049, 1508070868.259919, 1508070868.260720, 1.680982, 49950
8, 1508070865.512611, 1508070865.518075, 1508070865.518723, 1508070868.257032, 1508070868.259610, 1508070868.260726, 0.509356, 49950
33, 1508070865.514507, 1508070865.519743, 1508070865.520349, 1508070868.258655, 1508070868.261279, 1508070868.262365, 1.872030, 49950
18, 1508070865.511362, 1508070865.516834, 1508070865.517478, 1508070868.255776, 1508070868.259264, 1508070868.259439, 1.336872, 49950
27, 1508070865.513189, 1508070865.518127, 1508070865.518743, 1508070868.257049, 1508070868.260413, 1508070868.260725, 1.691075, 49950
9, 1508070865.512621, 1508070865.518076, 1508070865.518746, 1508070868.257032, 1508070868.258827, 1508070868.260750, 0.625203, 49950
36, 1508070865.514244, 1508070865.519746, 1508070865.520359, 1508070868.258655, 1508070868.259681, 1508070868.262354, 1.987243, 49950
19, 1508070865.511615, 1508070865.516841, 1508070865.517474, 1508070868.255776, 1508070868.259191, 1508070868.259446, 1.393365, 49950
28, 1508070865.512635, 1508070865.518128, 1508070865.518737, 1508070868.257049, 1508070868.258299, 1508070868.260728, 1.721139, 49950
6, 1508070865.513168, 1508070865.518073, 1508070865.518731, 1508070868.257032, 1508070868.259691, 1508070868.260752, 0.337480, 49950
38, 1508070865.514244, 1508070865.519748, 1508070865.520341, 1508070868.258654, 1508070868.260189, 1508070868.262348, 2.180133, 49950
15, 1508070865.511868, 1508070865.516831, 1508070865.517485, 1508070868.255775, 1508070868.258441, 1508070868.259586, 1.169943, 49950
29, 1508070865.512904, 1508070865.518130, 1508070865.518743, 1508070868.257049, 1508070868.258037, 1508070868.260725, 1.750214, 49950
7, 1508070865.513167, 1508070865.518074, 1508070865.518737, 1508070868.257032, 1508070868.259569, 1508070868.260862, 0.426836, 49950
37, 1508070865.514507, 1508070865.519747, 1508070865.520347, 1508070868.258655, 1508070868.259929, 1508070868.262501, 2.053912, 49950
21, 1508070865.512904, 1508070865.518121, 1508070865.518744, 1508070868.257049, 1508070868.258446, 1508070868.260864, 1.530144, 49950

real	0m3.516s
user	0m0.021s
sys	0m0.065s
N 4, n 48
36, 1508070869.121538, 1508070869.126865, 1508070869.127389, 1508070870.590899, 1508070870.592907, 1508070870.594428, 0.126427, 49950
24, 1508070869.119923, 1508070869.125242, 1508070869.126045, 1508070870.589291, 1508070870.592488, 1508070870.592817, 0.174078, 49950
12, 1508070869.118652, 1508070869.123952, 1508070869.124511, 1508070870.588019, 1508070870.591378, 1508070870.591554, 0.715921, 49950
0, 1508070869.119920, 1508070869.125191, 1508070869.126029, 1508070870.589274, 1508070870.591243, 1508070870.592806, 0.130606, 49950
38, 1508070869.121538, 1508070869.126867, 1508070869.127651, 1508070870.590899, 1508070870.593395, 1508070870.594432, 0.115697, 49950
28, 1508070869.119912, 1508070869.125246, 1508070869.125785, 1508070870.589290, 1508070870.592103, 1508070870.592823, 0.117528, 49950
14, 1508070869.118652, 1508070869.123954, 1508070869.124510, 1508070870.588019, 1508070870.589032, 1508070870.591547, 0.823786, 49950
4, 1508070869.119896, 1508070869.125196, 1508070869.125771, 1508070870.589274, 1508070870.592168, 1508070870.592810, 0.187823, 49950
41, 1508070869.121538, 1508070869.126871, 1508070869.127008, 1508070870.590900, 1508070870.592308, 1508070870.594435, 0.137823, 49950
25, 1508070869.119922, 1508070869.125243, 1508070869.125398, 1508070870.589291, 1508070870.591243, 1508070870.592827, 0.110897, 49950
15, 1508070869.118653, 1508070869.123956, 1508070869.124120, 1508070870.588019, 1508070870.589770, 1508070870.591554, 0.905731, 49950
37, 1508070869.121539, 1508070869.126866, 1508070869.127010, 1508070870.590900, 1508070870.591803, 1508070870.594458, 0.135654, 49950
26, 1508070869.119908, 1508070869.125244, 1508070869.126040, 1508070870.589291, 1508070870.592290, 1508070870.592853, 0.082146, 49950
22, 1508070869.118652, 1508070869.123964, 1508070869.124776, 1508070870.588019, 1508070870.591168, 1508070870.591555, 0.092192, 49950
27, 1508070869.119911, 1508070869.125245, 1508070869.125399, 1508070870.589291, 1508070870.591861, 1508070870.592842, 0.103564, 49950
13, 1508070869.118651, 1508070869.123954, 1508070869.124126, 1508070870.588018, 1508070870.590530, 1508070870.591571, 0.791547, 49950
29, 1508070869.119913, 1508070869.125247, 1508070869.125401, 1508070870.589290, 1508070870.591527, 1508070870.592852, 0.130786, 49950
30, 1508070869.119908, 1508070869.125249, 1508070869.125786, 1508070870.589291, 1508070870.591004, 1508070870.592859, 0.084553, 49950
31, 1508070869.119911, 1508070869.125250, 1508070869.125398, 1508070870.589290, 1508070870.592470, 1508070870.592864, 0.156380, 49950
16, 1508070869.118653, 1508070869.123957, 1508070869.124772, 1508070870.588019, 1508070870.591352, 1508070870.591633, 0.929310, 49950
1, 1508070869.119905, 1508070869.125193, 1508070869.125384, 1508070870.589273, 1508070870.591023, 1508070870.592822, 0.168967, 49950
40, 1508070869.121538, 1508070869.126870, 1508070869.127650, 1508070870.590899, 1508070870.594028, 1508070870.594456, 0.116876, 49950
32, 1508070869.119917, 1508070869.125251, 1508070869.126043, 1508070870.589291, 1508070870.592208, 1508070870.592837, 0.117421, 49950
17, 1508070869.118653, 1508070869.123958, 1508070869.124121, 1508070870.588018, 1508070870.590789, 1508070870.591587, 0.118344, 49950
2, 1508070869.119893, 1508070869.125193, 1508070869.126034, 1508070870.589274, 1508070870.592097, 1508070870.592819, 0.129494, 49950
42, 1508070869.121538, 1508070869.126872, 1508070869.127644, 1508070870.590900, 1508070870.594099, 1508070870.594492, 0.110963, 49950
33, 1508070869.119911, 1508070869.125252, 1508070869.125399, 1508070870.589291, 1508070870.590405, 1508070870.592862, 0.129980, 49950
18, 1508070869.118652, 1508070869.123959, 1508070869.124767, 1508070870.588019, 1508070870.591006, 1508070870.591599, 0.111193, 49950
3, 1508070869.119894, 1508070869.125195, 1508070869.125384, 1508070870.589274, 1508070870.590298, 1508070870.592868, 0.183302, 49950
44, 1508070869.121538, 1508070869.126874, 1508070869.127387, 1508070870.590899, 1508070870.593827, 1508070870.594452, 0.160815, 49950
34, 1508070869.119912, 1508070869.125253, 1508070869.126038, 1508070870.589291, 1508070870.591262, 1508070870.592859, 0.107583, 49950
20, 1508070869.118652, 1508070869.123961, 1508070869.124513, 1508070870.588019, 1508070870.591256, 1508070870.591569, 0.087622, 49950
6, 1508070869.119893, 1508070869.125198, 1508070869.126026, 1508070870.589274, 1508070870.592147, 1508070870.592835, 0.285122, 49950
46, 1508070869.121547, 1508070869.126876, 1508070869.127387, 1508070870.590898, 1508070870.592610, 1508070870.594507, 0.207849, 49950
35, 1508070869.119911, 1508070869.125254, 1508070869.125402, 1508070870.589291, 1508070870.590601, 1508070870.592951, 0.229049, 49950
21, 1508070869.118651, 1508070869.123962, 1508070869.124124, 1508070870.588019, 1508070870.590775, 1508070870.591572, 0.103984, 49950
9, 1508070869.119905, 1508070869.125202, 1508070869.125402, 1508070870.589274, 1508070870.590858, 1508070870.592851, 0.467303, 49950
39, 1508070869.121538, 1508070869.126868, 1508070869.127014, 1508070870.590900, 1508070870.592699, 1508070870.594541, 0.119232, 49950
19, 1508070869.118655, 1508070869.123960, 1508070869.124120, 1508070870.588019, 1508070870.591337, 1508070870.591669, 0.109593, 49950
10, 1508070869.119893, 1508070869.125203, 1508070869.126029, 1508070870.589275, 1508070870.591658, 1508070870.592838, 0.500120, 49950
45, 1508070869.121538, 1508070869.126875, 1508070869.127004, 1508070870.590899, 1508070870.592423, 1508070870.594580, 0.119641, 49950
23, 1508070869.118654, 1508070869.123965, 1508070869.124120, 1508070870.588019, 1508070870.590537, 1508070870.591751, 0.126022, 49950
5, 1508070869.119895, 1508070869.125197, 1508070869.125408, 1508070870.589273, 1508070870.591661, 1508070870.592893, 0.262672, 49950
43, 1508070869.121538, 1508070869.126873, 1508070869.127004, 1508070870.590900, 1508070870.594042, 1508070870.594616, 0.114523, 49950
7, 1508070869.119894, 1508070869.125200, 1508070869.125386, 1508070870.589274, 1508070870.590621, 1508070870.592927, 0.369727, 49950
47, 1508070869.121538, 1508070869.126877, 1508070869.127007, 1508070870.590899, 1508070870.593108, 1508070870.594764, 0.089228, 49950
11, 1508070869.119894, 1508070869.125205, 1508070869.125397, 1508070870.589274, 1508070870.590880, 1508070870.592920, 0.609304, 49950
8, 1508070869.119903, 1508070869.125201, 1508070869.126032, 1508070870.589275, 1508070870.591858, 1508070870.593289, 0.369937, 49950

real	0m2.355s
user	0m0.023s
sys	0m0.076s
