N 1, n 1
0, 1508051004.024510, 1508051004.027647, 1508051004.322053, 1508051027.444279, 1508051028.244789, 1508051028.246656, 0.000000, 1

real	0m24.318s
user	0m0.006s
sys	0m0.012s
N 1, n 2
0, 1508051032.520428, 1508051032.522076, 1508051032.593486, 1508051044.403845, 1508051044.896103, 1508051045.244603, 0.126268, 2
1, 1508051032.520423, 1508051032.522077, 1508051032.593241, 1508051044.403843, 1508051045.242585, 1508051045.244932, 0.287841, 2

real	0m12.929s
user	0m0.010s
sys	0m0.011s
N 1, n 4
0, 1508051049.588869, 1508051049.591355, 1508051049.633440, 1508051055.875123, 1508051056.493747, 1508051056.495288, 0.191153, 3
2, 1508051049.588852, 1508051049.591356, 1508051049.631137, 1508051055.875123, 1508051056.441164, 1508051056.495294, 0.240760, 3
1, 1508051049.588845, 1508051049.591356, 1508051049.632663, 1508051055.875124, 1508051056.483602, 1508051056.495361, 0.203744, 3
3, 1508051049.588848, 1508051049.591361, 1508051049.633672, 1508051055.875125, 1508051056.415674, 1508051056.495763, 0.115206, 3

real	0m7.130s
user	0m0.009s
sys	0m0.016s
N 1, n 8
6, 1508051060.918386, 1508051060.921157, 1508051060.962873, 1508051064.534415, 1508051065.093732, 1508051065.219693, 0.297211, 5
7, 1508051060.918381, 1508051060.921158, 1508051060.963285, 1508051064.534416, 1508051065.218502, 1508051065.219656, 0.158641, 5
0, 1508051060.918404, 1508051060.921141, 1508051060.962939, 1508051064.534415, 1508051065.138707, 1508051065.219757, 0.192314, 5
1, 1508051060.918381, 1508051060.921143, 1508051060.963331, 1508051064.534415, 1508051065.160395, 1508051065.219736, 0.287653, 5
4, 1508051060.918384, 1508051060.921147, 1508051060.962925, 1508051064.534415, 1508051064.629870, 1508051065.219834, 0.292173, 5
5, 1508051060.918385, 1508051060.921148, 1508051060.963510, 1508051064.534415, 1508051065.218519, 1508051065.219833, 0.380021, 5
2, 1508051060.918385, 1508051060.921144, 1508051060.963142, 1508051064.534415, 1508051065.218430, 1508051065.219864, 0.397420, 5
3, 1508051060.918381, 1508051060.921145, 1508051060.963399, 1508051064.534416, 1508051065.114399, 1508051065.220031, 0.335240, 5

real	0m4.580s
user	0m0.011s
sys	0m0.017s
N 4, n 16
5, 1508051069.770309, 1508051069.775268, 1508051069.928049, 1508051072.221731, 1508051072.907799, 1508051072.944427, 0.154183, 9
14, 1508051069.770830, 1508051069.775822, 1508051069.949500, 1508051072.222256, 1508051072.880373, 1508051072.944942, 0.469593, 9
2, 1508051069.771439, 1508051069.776393, 1508051069.905309, 1508051072.222855, 1508051072.618387, 1508051072.945576, 0.230587, 9
9, 1508051069.769316, 1508051069.774280, 1508051069.918618, 1508051072.220727, 1508051072.696205, 1508051072.943474, 0.179873, 9
13, 1508051069.770826, 1508051069.775821, 1508051069.950077, 1508051072.222265, 1508051072.943966, 1508051072.945098, 0.517286, 9
6, 1508051069.770297, 1508051069.775270, 1508051069.910256, 1508051072.221722, 1508051072.819135, 1508051072.944512, 0.219915, 9
0, 1508051069.771452, 1508051069.776384, 1508051069.912067, 1508051072.222855, 1508051072.762070, 1508051072.945703, 0.120719, 9
1, 1508051069.771439, 1508051069.776392, 1508051069.949399, 1508051072.222860, 1508051072.763638, 1508051072.945728, 0.164846, 9
15, 1508051069.770826, 1508051069.775822, 1508051069.948382, 1508051072.222265, 1508051072.943997, 1508051072.945168, 0.080559, 9
10, 1508051069.769314, 1508051069.774280, 1508051069.881005, 1508051072.220722, 1508051072.696279, 1508051072.943525, 0.182726, 9
12, 1508051069.770830, 1508051069.775819, 1508051069.957177, 1508051072.222256, 1508051072.909186, 1508051072.946476, 0.218634, 9
8, 1508051069.769313, 1508051069.774278, 1508051069.904118, 1508051072.220721, 1508051072.696281, 1508051072.945029, 0.240385, 9
4, 1508051069.770297, 1508051069.775267, 1508051069.903987, 1508051072.221722, 1508051072.905920, 1508051072.946194, 0.300452, 9
3, 1508051069.771528, 1508051069.776395, 1508051069.942245, 1508051072.222860, 1508051072.751179, 1508051072.947360, 0.226621, 9
7, 1508051069.770309, 1508051069.775271, 1508051069.920261, 1508051072.221731, 1508051072.897441, 1508051072.946262, 0.229989, 9
11, 1508051069.769408, 1508051069.774282, 1508051069.904029, 1508051072.220727, 1508051072.788124, 1508051072.945435, 0.315693, 9

real	0m3.625s
user	0m0.017s
sys	0m0.041s
N 4, n 24
14, 1508051077.582116, 1508051077.586250, 1508051077.596732, 1508051079.344234, 1508051079.909026, 1508051080.098870, 0.400852, 13
8, 1508051077.582795, 1508051077.587250, 1508051077.598097, 1508051079.345250, 1508051080.099164, 1508051080.099881, 0.210267, 13
15, 1508051077.582132, 1508051077.586252, 1508051077.597012, 1508051079.344232, 1508051079.863052, 1508051080.099010, 0.225784, 13
0, 1508051077.583962, 1508051077.588368, 1508051077.599187, 1508051079.346379, 1508051079.915760, 1508051080.101083, 0.120966, 13
20, 1508051077.583294, 1508051077.587805, 1508051077.598409, 1508051079.345782, 1508051080.083738, 1508051080.100423, 0.192817, 13
16, 1508051077.581778, 1508051077.586253, 1508051077.597127, 1508051079.344232, 1508051079.898077, 1508051080.099016, 0.411973, 13
13, 1508051077.581794, 1508051077.586250, 1508051077.596705, 1508051079.344238, 1508051079.910486, 1508051080.099087, 0.413412, 13
9, 1508051077.582800, 1508051077.587252, 1508051077.597879, 1508051079.345249, 1508051080.090876, 1508051080.100016, 0.417673, 13
10, 1508051077.583124, 1508051077.587253, 1508051077.598139, 1508051079.345245, 1508051080.099121, 1508051080.100006, 0.422406, 13
7, 1508051077.583143, 1508051077.587249, 1508051077.597562, 1508051079.345243, 1508051080.062705, 1508051080.100063, 0.402615, 13
1, 1508051077.583945, 1508051077.588372, 1508051077.598975, 1508051079.346377, 1508051079.820504, 1508051080.101040, 0.220697, 13
2, 1508051077.584367, 1508051077.588373, 1508051077.599190, 1508051079.346376, 1508051079.444914, 1508051080.101106, 0.216460, 13
4, 1508051077.583945, 1508051077.588375, 1508051077.598878, 1508051079.346379, 1508051079.773572, 1508051080.101108, 0.226654, 13
21, 1508051077.583668, 1508051077.587806, 1508051077.597932, 1508051079.345776, 1508051080.067716, 1508051080.100453, 0.242232, 13
19, 1508051077.583668, 1508051077.587804, 1508051077.597766, 1508051079.345775, 1508051080.082772, 1508051080.100491, 0.247114, 13
22, 1508051077.583294, 1508051077.587807, 1508051077.598651, 1508051079.345783, 1508051079.523389, 1508051080.100564, 0.191965, 13
3, 1508051077.584368, 1508051077.588374, 1508051077.598858, 1508051079.346375, 1508051079.914980, 1508051080.101400, 0.211281, 13
23, 1508051077.583668, 1508051077.587808, 1508051077.597684, 1508051079.345776, 1508051080.081290, 1508051080.100818, 0.107558, 13
12, 1508051077.581779, 1508051077.586248, 1508051077.596614, 1508051079.344238, 1508051079.442536, 1508051080.099865, 0.266977, 13
18, 1508051077.583294, 1508051077.587802, 1508051077.598317, 1508051079.345780, 1508051080.083745, 1508051080.101529, 0.267321, 13
6, 1508051077.583134, 1508051077.587248, 1508051077.597728, 1508051079.345245, 1508051079.520955, 1508051080.101075, 0.275961, 13
5, 1508051077.583947, 1508051077.588377, 1508051077.598111, 1508051079.346378, 1508051079.915606, 1508051080.102210, 0.258169, 13
17, 1508051077.582219, 1508051077.586254, 1508051077.595787, 1508051079.344228, 1508051079.810819, 1508051080.100243, 0.286956, 13
11, 1508051077.583135, 1508051077.587254, 1508051077.597053, 1508051079.345243, 1508051080.099030, 1508051080.101177, 0.256941, 13

real	0m3.029s
user	0m0.024s
sys	0m0.047s
N 4, n 32
20, 1508051084.854308, 1508051084.858564, 1508051084.869009, 1508051086.302126, 1508051086.799525, 1508051087.008304, 0.259925, 17
10, 1508051084.855331, 1508051084.859572, 1508051084.869922, 1508051086.303145, 1508051086.958047, 1508051087.009258, 0.259127, 17
1, 1508051084.856474, 1508051084.860691, 1508051084.870948, 1508051086.304283, 1508051086.834534, 1508051087.010405, 0.264442, 17
11, 1508051084.855330, 1508051084.859573, 1508051084.869832, 1508051086.303146, 1508051087.001808, 1508051087.009271, 0.259574, 17
25, 1508051084.855871, 1508051084.860128, 1508051084.870134, 1508051086.303684, 1508051086.907167, 1508051087.009847, 0.290311, 17
12, 1508051084.855331, 1508051084.859574, 1508051084.869586, 1508051086.303145, 1508051086.971509, 1508051087.009227, 0.270039, 17
4, 1508051084.856474, 1508051084.860694, 1508051084.870676, 1508051086.304280, 1508051086.827499, 1508051087.010427, 0.273571, 17
13, 1508051084.855339, 1508051084.859575, 1508051084.869936, 1508051086.303151, 1508051086.994447, 1508051087.009286, 0.257474, 17
5, 1508051084.856474, 1508051084.860696, 1508051084.871045, 1508051086.304281, 1508051086.834604, 1508051087.010522, 0.254889, 17
14, 1508051084.855331, 1508051084.859576, 1508051084.869857, 1508051086.303151, 1508051086.977962, 1508051087.009232, 0.261129, 17
22, 1508051084.854306, 1508051084.858567, 1508051084.869054, 1508051086.302124, 1508051086.834436, 1508051087.008269, 0.260207, 17
9, 1508051084.855330, 1508051084.859571, 1508051084.870063, 1508051086.303146, 1508051087.001893, 1508051087.009375, 0.263079, 17
21, 1508051084.854308, 1508051084.858566, 1508051084.869004, 1508051086.302127, 1508051086.835882, 1508051087.008403, 0.261356, 17
18, 1508051084.854306, 1508051084.858562, 1508051084.868973, 1508051086.302124, 1508051086.831321, 1508051087.008432, 0.255560, 17
17, 1508051084.854308, 1508051084.858561, 1508051084.868943, 1508051086.302129, 1508051086.835420, 1508051087.008439, 0.255563, 17
26, 1508051084.855874, 1508051084.860129, 1508051084.870274, 1508051086.303681, 1508051086.915994, 1508051087.009881, 0.244791, 17
27, 1508051084.855864, 1508051084.860131, 1508051084.870238, 1508051086.303683, 1508051086.918640, 1508051087.009970, 0.303847, 17
31, 1508051084.855865, 1508051084.860135, 1508051084.870087, 1508051086.303684, 1508051086.918665, 1508051087.009930, 0.143557, 17
28, 1508051084.855874, 1508051084.860132, 1508051084.870131, 1508051086.303682, 1508051086.387903, 1508051087.010029, 0.246188, 17
30, 1508051084.855870, 1508051084.860134, 1508051084.870386, 1508051086.303686, 1508051086.917474, 1508051087.010074, 0.253830, 17
0, 1508051084.856500, 1508051084.860689, 1508051084.870947, 1508051086.304279, 1508051086.832570, 1508051087.010607, 0.138373, 17
29, 1508051084.855865, 1508051084.860133, 1508051084.870359, 1508051086.303687, 1508051086.877684, 1508051087.010173, 0.313396, 17
2, 1508051084.856483, 1508051084.860692, 1508051084.870835, 1508051086.304279, 1508051086.377992, 1508051087.010631, 0.263841, 17
3, 1508051084.856485, 1508051084.860693, 1508051084.870627, 1508051086.304282, 1508051086.834595, 1508051087.010657, 0.250792, 17
6, 1508051084.856474, 1508051084.860697, 1508051084.870956, 1508051086.304278, 1508051086.833776, 1508051087.010635, 0.278687, 17
19, 1508051084.854309, 1508051084.858563, 1508051084.868726, 1508051086.302127, 1508051086.835925, 1508051087.008804, 0.257941, 17
24, 1508051084.855870, 1508051084.860127, 1508051084.870080, 1508051086.303681, 1508051086.918641, 1508051087.010540, 0.291883, 17
8, 1508051084.855335, 1508051084.859570, 1508051084.869563, 1508051086.303145, 1508051086.498794, 1508051087.010220, 0.313133, 17
16, 1508051084.854306, 1508051084.858560, 1508051084.869002, 1508051086.302125, 1508051086.835957, 1508051087.009202, 0.301561, 17
7, 1508051084.856481, 1508051084.860699, 1508051084.870435, 1508051086.304282, 1508051086.795486, 1508051087.011450, 0.310225, 17
23, 1508051084.854309, 1508051084.858568, 1508051084.868347, 1508051086.302128, 1508051086.375631, 1508051087.009317, 0.317175, 17
15, 1508051084.855330, 1508051084.859578, 1508051084.869871, 1508051086.303146, 1508051087.008498, 1508051087.010395, 0.308053, 17

real	0m2.789s
user	0m0.027s
sys	0m0.059s
N 4, n 40
1, 1508051091.876177, 1508051091.881049, 1508051091.892366, 1508051093.450680, 1508051093.935354, 1508051094.145740, 0.333158, 21
12, 1508051091.875039, 1508051091.879930, 1508051091.891354, 1508051093.449549, 1508051093.549616, 1508051094.144620, 0.303595, 21
24, 1508051091.874020, 1508051091.878913, 1508051091.890463, 1508051093.448511, 1508051093.935622, 1508051094.143657, 0.298472, 21
13, 1508051091.875042, 1508051091.879931, 1508051091.891321, 1508051093.449548, 1508051094.040595, 1508051094.144667, 0.317288, 21
26, 1508051091.874020, 1508051091.878915, 1508051091.890507, 1508051093.448512, 1508051093.935845, 1508051094.143619, 0.414800, 21
31, 1508051091.875531, 1508051091.880490, 1508051091.891655, 1508051093.450084, 1508051094.141442, 1508051094.145400, 0.452158, 21
18, 1508051091.875039, 1508051091.879937, 1508051091.891303, 1508051093.449546, 1508051094.135488, 1508051094.144643, 0.426565, 21
28, 1508051091.874020, 1508051091.878918, 1508051091.890515, 1508051093.448509, 1508051093.935765, 1508051094.143638, 0.336935, 21
11, 1508051091.874997, 1508051091.879929, 1508051091.891484, 1508051093.449554, 1508051094.046835, 1508051094.144710, 0.310647, 21
22, 1508051091.874020, 1508051091.878911, 1508051091.890337, 1508051093.448513, 1508051093.935736, 1508051094.143755, 0.305331, 21
14, 1508051091.874997, 1508051091.879932, 1508051091.891248, 1508051093.449549, 1508051094.040702, 1508051094.144761, 0.305162, 21
15, 1508051091.874997, 1508051091.879934, 1508051091.891423, 1508051093.449548, 1508051094.040706, 1508051094.144807, 0.425270, 21
17, 1508051091.874997, 1508051091.879936, 1508051091.891552, 1508051093.449555, 1508051094.143954, 1508051094.144821, 0.440329, 21
16, 1508051091.875040, 1508051091.879935, 1508051091.891166, 1508051093.449546, 1508051094.143919, 1508051094.144924, 0.300437, 21
23, 1508051091.873972, 1508051091.878912, 1508051091.890080, 1508051093.448515, 1508051093.935758, 1508051094.143847, 0.417350, 21
32, 1508051091.875583, 1508051091.880491, 1508051091.892163, 1508051093.450083, 1508051094.038000, 1508051094.145364, 0.401620, 21
25, 1508051091.873972, 1508051091.878915, 1508051091.890101, 1508051093.448520, 1508051093.935702, 1508051094.143882, 0.421471, 21
33, 1508051091.875531, 1508051091.880492, 1508051091.891504, 1508051093.450090, 1508051094.038022, 1508051094.145419, 0.360888, 21
21, 1508051091.873972, 1508051091.878910, 1508051091.889897, 1508051093.448521, 1508051093.504906, 1508051094.143918, 0.304995, 21
34, 1508051091.875583, 1508051091.880493, 1508051091.892206, 1508051093.450082, 1508051094.114173, 1508051094.145406, 0.305101, 21
27, 1508051091.873972, 1508051091.878917, 1508051091.890118, 1508051093.448513, 1508051093.984428, 1508051094.143949, 0.329881, 21
36, 1508051091.875583, 1508051091.880496, 1508051091.892148, 1508051093.450081, 1508051094.038003, 1508051094.145370, 0.304540, 21
37, 1508051091.875531, 1508051091.880497, 1508051091.891468, 1508051093.450092, 1508051094.114142, 1508051094.145392, 0.384351, 21
39, 1508051091.875531, 1508051091.880499, 1508051091.891502, 1508051093.450086, 1508051094.038138, 1508051094.145426, 0.167150, 21
38, 1508051091.875584, 1508051091.880498, 1508051091.892051, 1508051093.450084, 1508051093.540065, 1508051094.145538, 0.305350, 21
8, 1508051091.876208, 1508051091.881058, 1508051091.892412, 1508051093.450681, 1508051093.934974, 1508051094.146281, 0.335872, 21
35, 1508051091.875531, 1508051091.880495, 1508051091.891562, 1508051093.450090, 1508051094.114787, 1508051094.145722, 0.365776, 21
20, 1508051091.874023, 1508051091.878909, 1508051091.890380, 1508051093.448509, 1508051093.935811, 1508051094.144207, 0.330336, 21
0, 1508051091.876236, 1508051091.881046, 1508051091.892132, 1508051093.450682, 1508051093.938774, 1508051094.146441, 0.171637, 21
19, 1508051091.874997, 1508051091.879938, 1508051091.891518, 1508051093.449555, 1508051094.044269, 1508051094.145389, 0.335010, 21
7, 1508051091.876140, 1508051091.881056, 1508051091.892343, 1508051093.450681, 1508051093.935042, 1508051094.146480, 0.330144, 21
30, 1508051091.875583, 1508051091.880489, 1508051091.891938, 1508051093.450083, 1508051094.114278, 1508051094.146014, 0.330357, 21
4, 1508051091.876209, 1508051091.881053, 1508051091.892433, 1508051093.450681, 1508051093.977085, 1508051094.146527, 0.341224, 21
3, 1508051091.876140, 1508051091.881052, 1508051091.892228, 1508051093.450688, 1508051093.938729, 1508051094.146554, 0.316156, 21
5, 1508051091.876175, 1508051091.881054, 1508051091.892270, 1508051093.450680, 1508051093.935199, 1508051094.146558, 0.319148, 21
2, 1508051091.876163, 1508051091.881051, 1508051091.892350, 1508051093.450689, 1508051093.935017, 1508051094.146638, 0.318173, 21
10, 1508051091.874997, 1508051091.879928, 1508051091.891166, 1508051093.449555, 1508051094.046073, 1508051094.145619, 0.336259, 21
29, 1508051091.873972, 1508051091.878919, 1508051091.890044, 1508051093.448521, 1508051093.935816, 1508051094.144559, 0.465217, 21
6, 1508051091.876163, 1508051091.881055, 1508051091.892291, 1508051093.450682, 1508051093.507510, 1508051094.146709, 0.337213, 21
9, 1508051091.876175, 1508051091.881059, 1508051091.892264, 1508051093.450680, 1508051093.934968, 1508051094.146705, 0.326125, 21

real	0m3.042s
user	0m0.033s
sys	0m0.064s
N 4, n 48
27, 1508051099.179377, 1508051099.185251, 1508051099.196615, 1508051100.714191, 1508051101.083961, 1508051101.313553, 0.382999, 25
22, 1508051099.180422, 1508051099.186288, 1508051099.197734, 1508051100.715238, 1508051100.788621, 1508051101.314638, 0.369393, 25
29, 1508051099.179346, 1508051099.185253, 1508051099.196489, 1508051100.714191, 1508051101.117723, 1508051101.313554, 0.386068, 25
33, 1508051099.179373, 1508051099.185258, 1508051099.196547, 1508051100.714186, 1508051101.117826, 1508051101.313545, 0.401942, 25
31, 1508051099.179377, 1508051099.185255, 1508051099.196585, 1508051100.714191, 1508051101.117657, 1508051101.313735, 0.389856, 25
18, 1508051099.180422, 1508051099.186283, 1508051099.197693, 1508051100.715238, 1508051101.312259, 1508051101.314668, 0.364485, 25
13, 1508051099.180399, 1508051099.186277, 1508051099.197682, 1508051100.715237, 1508051101.312251, 1508051101.314778, 0.383611, 25
44, 1508051099.180916, 1508051099.186850, 1508051099.197852, 1508051100.715768, 1508051101.314210, 1508051101.315318, 0.374724, 25
28, 1508051099.179342, 1508051099.185252, 1508051099.196463, 1508051100.714193, 1508051101.117806, 1508051101.313876, 0.369966, 25
40, 1508051099.180926, 1508051099.186845, 1508051099.197897, 1508051100.715768, 1508051101.220873, 1508051101.315498, 0.360643, 25
17, 1508051099.180404, 1508051099.186282, 1508051099.197683, 1508051100.715238, 1508051101.312217, 1508051101.314787, 0.371457, 25
5, 1508051099.181530, 1508051099.187401, 1508051099.198270, 1508051100.716372, 1508051100.997140, 1508051101.316080, 0.374886, 25
16, 1508051099.180401, 1508051099.186281, 1508051099.197741, 1508051100.715239, 1508051101.312377, 1508051101.314817, 0.376263, 25
19, 1508051099.180425, 1508051099.186284, 1508051099.197861, 1508051100.715237, 1508051101.146219, 1508051101.314805, 0.379426, 25
42, 1508051099.180916, 1508051099.186848, 1508051099.197890, 1508051100.715769, 1508051101.198180, 1508051101.315536, 0.361334, 25
15, 1508051099.180418, 1508051099.186280, 1508051099.197784, 1508051100.715236, 1508051101.146601, 1508051101.314853, 0.385434, 25
38, 1508051099.180921, 1508051099.186843, 1508051099.197592, 1508051100.715767, 1508051101.219920, 1508051101.315566, 0.365232, 25
14, 1508051099.180423, 1508051099.186278, 1508051099.197349, 1508051100.715238, 1508051101.312062, 1508051101.314845, 0.383192, 25
43, 1508051099.180960, 1508051099.186849, 1508051099.198192, 1508051100.715766, 1508051101.264330, 1508051101.315583, 0.444895, 25
21, 1508051099.180399, 1508051099.186286, 1508051099.197818, 1508051100.715239, 1508051101.146065, 1508051101.314914, 0.373037, 25
37, 1508051099.180962, 1508051099.186842, 1508051099.198164, 1508051100.715765, 1508051101.218017, 1508051101.315604, 0.388383, 25
30, 1508051099.179378, 1508051099.185254, 1508051099.196611, 1508051100.714192, 1508051101.116801, 1508051101.313883, 0.369818, 25
26, 1508051099.179376, 1508051099.185249, 1508051099.196555, 1508051100.714192, 1508051101.117911, 1508051101.313938, 0.386736, 25
32, 1508051099.179342, 1508051099.185257, 1508051099.196563, 1508051100.714187, 1508051100.754624, 1508051101.313949, 0.381117, 25
25, 1508051099.179346, 1508051099.185248, 1508051099.196258, 1508051100.714191, 1508051101.117657, 1508051101.314028, 0.389873, 25
34, 1508051099.179342, 1508051099.185259, 1508051099.196492, 1508051100.714187, 1508051101.049857, 1508051101.314069, 0.370497, 25
20, 1508051099.180398, 1508051099.186285, 1508051099.197705, 1508051100.715241, 1508051101.275496, 1508051101.315023, 0.367250, 25
9, 1508051099.181529, 1508051099.187406, 1508051099.198274, 1508051100.716373, 1508051100.997059, 1508051101.316091, 0.366038, 25
46, 1508051099.180916, 1508051099.186852, 1508051099.197649, 1508051100.715768, 1508051101.220913, 1508051101.315648, 0.366055, 25
12, 1508051099.180405, 1508051099.186276, 1508051099.197708, 1508051100.715238, 1508051101.146842, 1508051101.315076, 0.366741, 25
10, 1508051099.181554, 1508051099.187407, 1508051099.198802, 1508051100.716373, 1508051100.997151, 1508051101.316129, 0.357919, 25
41, 1508051099.180962, 1508051099.186847, 1508051099.198037, 1508051100.715767, 1508051101.314168, 1508051101.315648, 0.437006, 25
3, 1508051099.181556, 1508051099.187398, 1508051099.198479, 1508051100.716371, 1508051100.996785, 1508051101.316186, 0.369991, 25
47, 1508051099.180961, 1508051099.186853, 1508051099.197723, 1508051100.715768, 1508051101.264289, 1508051101.315673, 0.190280, 25
7, 1508051099.181558, 1508051099.187403, 1508051099.198464, 1508051100.716371, 1508051100.995137, 1508051101.316220, 0.369782, 25
45, 1508051099.180961, 1508051099.186851, 1508051099.198035, 1508051100.715767, 1508051101.264236, 1508051101.315719, 0.473968, 25
1, 1508051099.181529, 1508051099.187397, 1508051099.198380, 1508051100.716372, 1508051100.997143, 1508051101.316265, 0.385132, 25
39, 1508051099.180961, 1508051099.186844, 1508051099.198177, 1508051100.715765, 1508051101.314243, 1508051101.315759, 0.403434, 25
36, 1508051099.180916, 1508051099.186841, 1508051099.197593, 1508051100.715766, 1508051100.783284, 1508051101.315785, 0.356256, 25
23, 1508051099.180425, 1508051099.186289, 1508051099.197804, 1508051100.715236, 1508051101.146118, 1508051101.315259, 0.375208, 25
8, 1508051099.181529, 1508051099.187404, 1508051099.198763, 1508051100.716374, 1508051100.741707, 1508051101.316295, 0.380018, 25
4, 1508051099.181529, 1508051099.187400, 1508051099.198738, 1508051100.716373, 1508051100.997184, 1508051101.316310, 0.376339, 25
6, 1508051099.181557, 1508051099.187402, 1508051099.198626, 1508051100.716373, 1508051100.997204, 1508051101.316335, 0.369582, 25
2, 1508051099.181553, 1508051099.187397, 1508051099.198710, 1508051100.716373, 1508051100.997288, 1508051101.316371, 0.387522, 25
0, 1508051099.181545, 1508051099.187394, 1508051099.198626, 1508051100.716374, 1508051100.997155, 1508051101.316378, 0.201426, 25
24, 1508051099.179342, 1508051099.185247, 1508051099.196247, 1508051100.714193, 1508051101.115191, 1508051101.314329, 0.360244, 25
11, 1508051099.181555, 1508051099.187408, 1508051099.198477, 1508051100.716371, 1508051100.987520, 1508051101.316544, 0.378586, 25
35, 1508051099.179375, 1508051099.185260, 1508051099.196561, 1508051100.714185, 1508051101.117803, 1508051101.314920, 0.381163, 25

real	0m3.065s
user	0m0.049s
sys	0m0.060s
